time,ac_power,ac_power_l1,ac_power_l2,ac_power_l3,ac_reactive_power,ac_reactive_power_l1,ac_reactive_power_l2,ac_reactive_power_l3,ac_apparent_power,ac_apparent_power_l1,ac_apparent_power_l2,ac_apparent_power_l3,ac_voltage_l1,ac_voltage_l2,ac_voltage_l3,ac_current_l1,ac_current_l2,ac_current_l3,grid_frequency,dc_power_a,dc_power_b,dc_voltage_a,dc_voltage_b,dc_current_a,dc_current_b,iso,deviceID
2024-03-18 00:00:00,-1.0,-1.0,-1.0,-1.0,-1.0,-1.0,-1.0,-1.0,-1.0,-1.0,-1.0,-1.0,-1.0,-1.0,-1.0,-1.0,-1.0,-1.0,-1.0,-1.0,-1.0,-1.0,-1.0,-1.0,-1.0,-1.0,28
2024-03-18 00:05:00,-1.0,-1.0,-1.0,-1.0,-1.0,-1.0,-1.0,-1.0,-1.0,-1.0,-1.0,-1.0,-1.0,-1.0,-1.0,-1.0,-1.0,-1.0,-1.0,-1.0,-1.0,-1.0,-1.0,-1.0,-1.0,-1.0,28
2024-03-18 00:10:00,-1.0,-1.0,-1.0,-1.0,-1.0,-1.0,-1.0,-1.0,-1.0,-1.0,-1.0,-1.0,-1.0,-1.0,-1.0,-1.0,-1.0,-1.0,-1.0,-1.0,-1.0,-1.0,-1.0,-1.0,-1.0,-1.0,28
2024-03-18 00:15:00,-1.0,-1.0,-1.0,-1.0,-1.0,-1.0,-1.0,-1.0,-1.0,-1.0,-1.0,-1.0,-1.0,-1.0,-1.0,-1.0,-1.0,-1.0,-1.0,-1.0,-1.0,-1.0,-1.0,-1.0,-1.0,-1.0,28
2024-03-18 00:20:00,-1.0,-1.0,-1.0,-1.0,-1.0,-1.0,-1.0,-1.0,-1.0,-1.0,-1.0,-1.0,-1.0,-1.0,-1.0,-1.0,-1.0,-1.0,-1.0,-1.0,-1.0,-1.0,-1.0,-1.0,-1.0,-1.0,28
2024-03-18 00:25:00,-1.0,-1.0,-1.0,-1.0,-1.0,-1.0,-1.0,-1.0,-1.0,-1.0,-1.0,-1.0,-1.0,-1.0,-1.0,-1.0,-1.0,-1.0,-1.0,-1.0,-1.0,-1.0,-1.0,-1.0,-1.0,-1.0,28
2024-03-18 00:30:00,-1.0,-1.0,-1.0,-1.0,-1.0,-1.0,-1.0,-1.0,-1.0,-1.0,-1.0,-1.0,-1.0,-1.0,-1.0,-1.0,-1.0,-1.0,-1.0,-1.0,-1.0,-1.0,-1.0,-1.0,-1.0,-1.0,28
2024-03-18 00:35:00,-1.0,-1.0,-1.0,-1.0,-1.0,-1.0,-1.0,-1.0,-1.0,-1.0,-1.0,-1.0,-1.0,-1.0,-1.0,-1.0,-1.0,-1.0,-1.0,-1.0,-1.0,-1.0,-1.0,-1.0,-1.0,-1.0,28
2024-03-18 00:40:00,-1.0,-1.0,-1.0,-1.0,-1.0,-1.0,-1.0,-1.0,-1.0,-1.0,-1.0,-1.0,-1.0,-1.0,-1.0,-1.0,-1.0,-1.0,-1.0,-1.0,-1.0,-1.0,-1.0,-1.0,-1.0,-1.0,28
2024-03-18 00:45:00,-1.0,-1.0,-1.0,-1.0,-1.0,-1.0,-1.0,-1.0,-1.0,-1.0,-1.0,-1.0,-1.0,-1.0,-1.0,-1.0,-1.0,-1.0,-1.0,-1.0,-1.0,-1.0,-1.0,-1.0,-1.0,-1.0,28
2024-03-18 00:50:00,-1.0,-1.0,-1.0,-1.0,-1.0,-1.0,-1.0,-1.0,-1.0,-1.0,-1.0,-1.0,-1.0,-1.0,-1.0,-1.0,-1.0,-1.0,-1.0,-1.0,-1.0,-1.0,-1.0,-1.0,-1.0,-1.0,28
2024-03-18 00:55:00,-1.0,-1.0,-1.0,-1.0,-1.0,-1.0,-1.0,-1.0,-1.0,-1.0,-1.0,-1.0,-1.0,-1.0,-1.0,-1.0,-1.0,-1.0,-1.0,-1.0,-1.0,-1.0,-1.0,-1.0,-1.0,-1.0,28
2024-03-18 01:00:00,-1.0,-1.0,-1.0,-1.0,-1.0,-1.0,-1.0,-1.0,-1.0,-1.0,-1.0,-1.0,-1.0,-1.0,-1.0,-1.0,-1.0,-1.0,-1.0,-1.0,-1.0,-1.0,-1.0,-1.0,-1.0,-1.0,28
2024-03-18 01:05:00,-1.0,-1.0,-1.0,-1.0,-1.0,-1.0,-1.0,-1.0,-1.0,-1.0,-1.0,-1.0,-1.0,-1.0,-1.0,-1.0,-1.0,-1.0,-1.0,-1.0,-1.0,-1.0,-1.0,-1.0,-1.0,-1.0,28
2024-03-18 01:10:00,-1.0,-1.0,-1.0,-1.0,-1.0,-1.0,-1.0,-1.0,-1.0,-1.0,-1.0,-1.0,-1.0,-1.0,-1.0,-1.0,-1.0,-1.0,-1.0,-1.0,-1.0,-1.0,-1.0,-1.0,-1.0,-1.0,28
2024-03-18 01:15:00,-1.0,-1.0,-1.0,-1.0,-1.0,-1.0,-1.0,-1.0,-1.0,-1.0,-1.0,-1.0,-1.0,-1.0,-1.0,-1.0,-1.0,-1.0,-1.0,-1.0,-1.0,-1.0,-1.0,-1.0,-1.0,-1.0,28
2024-03-18 01:20:00,-1.0,-1.0,-1.0,-1.0,-1.0,-1.0,-1.0,-1.0,-1.0,-1.0,-1.0,-1.0,-1.0,-1.0,-1.0,-1.0,-1.0,-1.0,-1.0,-1.0,-1.0,-1.0,-1.0,-1.0,-1.0,-1.0,28
2024-03-18 01:25:00,-1.0,-1.0,-1.0,-1.0,-1.0,-1.0,-1.0,-1.0,-1.0,-1.0,-1.0,-1.0,-1.0,-1.0,-1.0,-1.0,-1.0,-1.0,-1.0,-1.0,-1.0,-1.0,-1.0,-1.0,-1.0,-1.0,28
2024-03-18 01:30:00,-1.0,-1.0,-1.0,-1.0,-1.0,-1.0,-1.0,-1.0,-1.0,-1.0,-1.0,-1.0,-1.0,-1.0,-1.0,-1.0,-1.0,-1.0,-1.0,-1.0,-1.0,-1.0,-1.0,-1.0,-1.0,-1.0,28
2024-03-18 01:35:00,-1.0,-1.0,-1.0,-1.0,-1.0,-1.0,-1.0,-1.0,-1.0,-1.0,-1.0,-1.0,-1.0,-1.0,-1.0,-1.0,-1.0,-1.0,-1.0,-1.0,-1.0,-1.0,-1.0,-1.0,-1.0,-1.0,28
2024-03-18 01:40:00,-1.0,-1.0,-1.0,-1.0,-1.0,-1.0,-1.0,-1.0,-1.0,-1.0,-1.0,-1.0,-1.0,-1.0,-1.0,-1.0,-1.0,-1.0,-1.0,-1.0,-1.0,-1.0,-1.0,-1.0,-1.0,-1.0,28
2024-03-18 01:45:00,-1.0,-1.0,-1.0,-1.0,-1.0,-1.0,-1.0,-1.0,-1.0,-1.0,-1.0,-1.0,-1.0,-1.0,-1.0,-1.0,-1.0,-1.0,-1.0,-1.0,-1.0,-1.0,-1.0,-1.0,-1.0,-1.0,28
2024-03-18 01:50:00,-1.0,-1.0,-1.0,-1.0,-1.0,-1.0,-1.0,-1.0,-1.0,-1.0,-1.0,-1.0,-1.0,-1.0,-1.0,-1.0,-1.0,-1.0,-1.0,-1.0,-1.0,-1.0,-1.0,-1.0,-1.0,-1.0,28
2024-03-18 01:55:00,-1.0,-1.0,-1.0,-1.0,-1.0,-1.0,-1.0,-1.0,-1.0,-1.0,-1.0,-1.0,-1.0,-1.0,-1.0,-1.0,-1.0,-1.0,-1.0,-1.0,-1.0,-1.0,-1.0,-1.0,-1.0,-1.0,28
2024-03-18 02:00:00,-1.0,-1.0,-1.0,-1.0,-1.0,-1.0,-1.0,-1.0,-1.0,-1.0,-1.0,-1.0,-1.0,-1.0,-1.0,-1.0,-1.0,-1.0,-1.0,-1.0,-1.0,-1.0,-1.0,-1.0,-1.0,-1.0,28
2024-03-18 02:05:00,-1.0,-1.0,-1.0,-1.0,-1.0,-1.0,-1.0,-1.0,-1.0,-1.0,-1.0,-1.0,-1.0,-1.0,-1.0,-1.0,-1.0,-1.0,-1.0,-1.0,-1.0,-1.0,-1.0,-1.0,-1.0,-1.0,28
2024-03-18 02:10:00,-1.0,-1.0,-1.0,-1.0,-1.0,-1.0,-1.0,-1.0,-1.0,-1.0,-1.0,-1.0,-1.0,-1.0,-1.0,-1.0,-1.0,-1.0,-1.0,-1.0,-1.0,-1.0,-1.0,-1.0,-1.0,-1.0,28
2024-03-18 02:15:00,-1.0,-1.0,-1.0,-1.0,-1.0,-1.0,-1.0,-1.0,-1.0,-1.0,-1.0,-1.0,-1.0,-1.0,-1.0,-1.0,-1.0,-1.0,-1.0,-1.0,-1.0,-1.0,-1.0,-1.0,-1.0,-1.0,28
2024-03-18 02:20:00,-1.0,-1.0,-1.0,-1.0,-1.0,-1.0,-1.0,-1.0,-1.0,-1.0,-1.0,-1.0,-1.0,-1.0,-1.0,-1.0,-1.0,-1.0,-1.0,-1.0,-1.0,-1.0,-1.0,-1.0,-1.0,-1.0,28
2024-03-18 02:25:00,-1.0,-1.0,-1.0,-1.0,-1.0,-1.0,-1.0,-1.0,-1.0,-1.0,-1.0,-1.0,-1.0,-1.0,-1.0,-1.0,-1.0,-1.0,-1.0,-1.0,-1.0,-1.0,-1.0,-1.0,-1.0,-1.0,28
2024-03-18 02:30:00,-1.0,-1.0,-1.0,-1.0,-1.0,-1.0,-1.0,-1.0,-1.0,-1.0,-1.0,-1.0,-1.0,-1.0,-1.0,-1.0,-1.0,-1.0,-1.0,-1.0,-1.0,-1.0,-1.0,-1.0,-1.0,-1.0,28
2024-03-18 02:35:00,-1.0,-1.0,-1.0,-1.0,-1.0,-1.0,-1.0,-1.0,-1.0,-1.0,-1.0,-1.0,-1.0,-1.0,-1.0,-1.0,-1.0,-1.0,-1.0,-1.0,-1.0,-1.0,-1.0,-1.0,-1.0,-1.0,28
2024-03-18 02:40:00,-1.0,-1.0,-1.0,-1.0,-1.0,-1.0,-1.0,-1.0,-1.0,-1.0,-1.0,-1.0,-1.0,-1.0,-1.0,-1.0,-1.0,-1.0,-1.0,-1.0,-1.0,-1.0,-1.0,-1.0,-1.0,-1.0,28
2024-03-18 02:45:00,-1.0,-1.0,-1.0,-1.0,-1.0,-1.0,-1.0,-1.0,-1.0,-1.0,-1.0,-1.0,-1.0,-1.0,-1.0,-1.0,-1.0,-1.0,-1.0,-1.0,-1.0,-1.0,-1.0,-1.0,-1.0,-1.0,28
2024-03-18 02:50:00,-1.0,-1.0,-1.0,-1.0,-1.0,-1.0,-1.0,-1.0,-1.0,-1.0,-1.0,-1.0,-1.0,-1.0,-1.0,-1.0,-1.0,-1.0,-1.0,-1.0,-1.0,-1.0,-1.0,-1.0,-1.0,-1.0,28
2024-03-18 02:55:00,-1.0,-1.0,-1.0,-1.0,-1.0,-1.0,-1.0,-1.0,-1.0,-1.0,-1.0,-1.0,-1.0,-1.0,-1.0,-1.0,-1.0,-1.0,-1.0,-1.0,-1.0,-1.0,-1.0,-1.0,-1.0,-1.0,28
2024-03-18 03:00:00,-1.0,-1.0,-1.0,-1.0,-1.0,-1.0,-1.0,-1.0,-1.0,-1.0,-1.0,-1.0,-1.0,-1.0,-1.0,-1.0,-1.0,-1.0,-1.0,-1.0,-1.0,-1.0,-1.0,-1.0,-1.0,-1.0,28
2024-03-18 03:05:00,-1.0,-1.0,-1.0,-1.0,-1.0,-1.0,-1.0,-1.0,-1.0,-1.0,-1.0,-1.0,-1.0,-1.0,-1.0,-1.0,-1.0,-1.0,-1.0,-1.0,-1.0,-1.0,-1.0,-1.0,-1.0,-1.0,28
2024-03-18 03:10:00,-1.0,-1.0,-1.0,-1.0,-1.0,-1.0,-1.0,-1.0,-1.0,-1.0,-1.0,-1.0,-1.0,-1.0,-1.0,-1.0,-1.0,-1.0,-1.0,-1.0,-1.0,-1.0,-1.0,-1.0,-1.0,-1.0,28
2024-03-18 03:15:00,-1.0,-1.0,-1.0,-1.0,-1.0,-1.0,-1.0,-1.0,-1.0,-1.0,-1.0,-1.0,-1.0,-1.0,-1.0,-1.0,-1.0,-1.0,-1.0,-1.0,-1.0,-1.0,-1.0,-1.0,-1.0,-1.0,28
2024-03-18 03:20:00,-1.0,-1.0,-1.0,-1.0,-1.0,-1.0,-1.0,-1.0,-1.0,-1.0,-1.0,-1.0,-1.0,-1.0,-1.0,-1.0,-1.0,-1.0,-1.0,-1.0,-1.0,-1.0,-1.0,-1.0,-1.0,-1.0,28
2024-03-18 03:25:00,-1.0,-1.0,-1.0,-1.0,-1.0,-1.0,-1.0,-1.0,-1.0,-1.0,-1.0,-1.0,-1.0,-1.0,-1.0,-1.0,-1.0,-1.0,-1.0,-1.0,-1.0,-1.0,-1.0,-1.0,-1.0,-1.0,28
2024-03-18 03:30:00,-1.0,-1.0,-1.0,-1.0,-1.0,-1.0,-1.0,-1.0,-1.0,-1.0,-1.0,-1.0,-1.0,-1.0,-1.0,-1.0,-1.0,-1.0,-1.0,-1.0,-1.0,-1.0,-1.0,-1.0,-1.0,-1.0,28
2024-03-18 03:35:00,-1.0,-1.0,-1.0,-1.0,-1.0,-1.0,-1.0,-1.0,-1.0,-1.0,-1.0,-1.0,-1.0,-1.0,-1.0,-1.0,-1.0,-1.0,-1.0,-1.0,-1.0,-1.0,-1.0,-1.0,-1.0,-1.0,28
2024-03-18 03:40:00,-1.0,-1.0,-1.0,-1.0,-1.0,-1.0,-1.0,-1.0,-1.0,-1.0,-1.0,-1.0,-1.0,-1.0,-1.0,-1.0,-1.0,-1.0,-1.0,-1.0,-1.0,-1.0,-1.0,-1.0,-1.0,-1.0,28
2024-03-18 03:45:00,-1.0,-1.0,-1.0,-1.0,-1.0,-1.0,-1.0,-1.0,-1.0,-1.0,-1.0,-1.0,-1.0,-1.0,-1.0,-1.0,-1.0,-1.0,-1.0,-1.0,-1.0,-1.0,-1.0,-1.0,-1.0,-1.0,28
2024-03-18 03:50:00,-1.0,-1.0,-1.0,-1.0,-1.0,-1.0,-1.0,-1.0,-1.0,-1.0,-1.0,-1.0,-1.0,-1.0,-1.0,-1.0,-1.0,-1.0,-1.0,-1.0,-1.0,-1.0,-1.0,-1.0,-1.0,-1.0,28
2024-03-18 03:55:00,-1.0,-1.0,-1.0,-1.0,-1.0,-1.0,-1.0,-1.0,-1.0,-1.0,-1.0,-1.0,-1.0,-1.0,-1.0,-1.0,-1.0,-1.0,-1.0,-1.0,-1.0,-1.0,-1.0,-1.0,-1.0,-1.0,28
2024-03-18 04:00:00,-1.0,-1.0,-1.0,-1.0,-1.0,-1.0,-1.0,-1.0,-1.0,-1.0,-1.0,-1.0,-1.0,-1.0,-1.0,-1.0,-1.0,-1.0,-1.0,-1.0,-1.0,-1.0,-1.0,-1.0,-1.0,-1.0,28
2024-03-18 04:05:00,-1.0,-1.0,-1.0,-1.0,-1.0,-1.0,-1.0,-1.0,-1.0,-1.0,-1.0,-1.0,-1.0,-1.0,-1.0,-1.0,-1.0,-1.0,-1.0,-1.0,-1.0,-1.0,-1.0,-1.0,-1.0,-1.0,28
2024-03-18 04:10:00,-1.0,-1.0,-1.0,-1.0,-1.0,-1.0,-1.0,-1.0,-1.0,-1.0,-1.0,-1.0,-1.0,-1.0,-1.0,-1.0,-1.0,-1.0,-1.0,-1.0,-1.0,-1.0,-1.0,-1.0,-1.0,-1.0,28
2024-03-18 04:15:00,-1.0,-1.0,-1.0,-1.0,-1.0,-1.0,-1.0,-1.0,-1.0,-1.0,-1.0,-1.0,-1.0,-1.0,-1.0,-1.0,-1.0,-1.0,-1.0,-1.0,-1.0,-1.0,-1.0,-1.0,-1.0,-1.0,28
2024-03-18 04:20:00,-1.0,-1.0,-1.0,-1.0,-1.0,-1.0,-1.0,-1.0,-1.0,-1.0,-1.0,-1.0,-1.0,-1.0,-1.0,-1.0,-1.0,-1.0,-1.0,-1.0,-1.0,-1.0,-1.0,-1.0,-1.0,-1.0,28
2024-03-18 04:25:00,-1.0,-1.0,-1.0,-1.0,-1.0,-1.0,-1.0,-1.0,-1.0,-1.0,-1.0,-1.0,-1.0,-1.0,-1.0,-1.0,-1.0,-1.0,-1.0,-1.0,-1.0,-1.0,-1.0,-1.0,-1.0,-1.0,28
2024-03-18 04:30:00,-1.0,-1.0,-1.0,-1.0,-1.0,-1.0,-1.0,-1.0,-1.0,-1.0,-1.0,-1.0,-1.0,-1.0,-1.0,-1.0,-1.0,-1.0,-1.0,-1.0,-1.0,-1.0,-1.0,-1.0,-1.0,-1.0,28
2024-03-18 04:35:00,-1.0,-1.0,-1.0,-1.0,-1.0,-1.0,-1.0,-1.0,-1.0,-1.0,-1.0,-1.0,-1.0,-1.0,-1.0,-1.0,-1.0,-1.0,-1.0,-1.0,-1.0,-1.0,-1.0,-1.0,-1.0,-1.0,28
2024-03-18 04:40:00,-1.0,-1.0,-1.0,-1.0,-1.0,-1.0,-1.0,-1.0,-1.0,-1.0,-1.0,-1.0,-1.0,-1.0,-1.0,-1.0,-1.0,-1.0,-1.0,-1.0,-1.0,-1.0,-1.0,-1.0,-1.0,-1.0,28
2024-03-18 04:45:00,-1.0,-1.0,-1.0,-1.0,-1.0,-1.0,-1.0,-1.0,-1.0,-1.0,-1.0,-1.0,-1.0,-1.0,-1.0,-1.0,-1.0,-1.0,-1.0,-1.0,-1.0,-1.0,-1.0,-1.0,-1.0,-1.0,28
2024-03-18 04:50:00,-1.0,-1.0,-1.0,-1.0,-1.0,-1.0,-1.0,-1.0,-1.0,-1.0,-1.0,-1.0,-1.0,-1.0,-1.0,-1.0,-1.0,-1.0,-1.0,-1.0,-1.0,-1.0,-1.0,-1.0,-1.0,-1.0,28
2024-03-18 04:55:00,-1.0,-1.0,-1.0,-1.0,-1.0,-1.0,-1.0,-1.0,-1.0,-1.0,-1.0,-1.0,-1.0,-1.0,-1.0,-1.0,-1.0,-1.0,-1.0,-1.0,-1.0,-1.0,-1.0,-1.0,-1.0,-1.0,28
2024-03-18 05:00:00,-1.0,-1.0,-1.0,-1.0,-1.0,-1.0,-1.0,-1.0,-1.0,-1.0,-1.0,-1.0,-1.0,-1.0,-1.0,-1.0,-1.0,-1.0,-1.0,-1.0,-1.0,-1.0,-1.0,-1.0,-1.0,-1.0,28
2024-03-18 05:05:00,-1.0,-1.0,-1.0,-1.0,-1.0,-1.0,-1.0,-1.0,-1.0,-1.0,-1.0,-1.0,-1.0,-1.0,-1.0,-1.0,-1.0,-1.0,-1.0,-1.0,-1.0,-1.0,-1.0,-1.0,-1.0,-1.0,28
2024-03-18 05:10:00,-1.0,-1.0,-1.0,-1.0,-1.0,-1.0,-1.0,-1.0,-1.0,-1.0,-1.0,-1.0,-1.0,-1.0,-1.0,-1.0,-1.0,-1.0,-1.0,-1.0,-1.0,-1.0,-1.0,-1.0,-1.0,-1.0,28
2024-03-18 05:15:00,-1.0,-1.0,-1.0,-1.0,-1.0,-1.0,-1.0,-1.0,-1.0,-1.0,-1.0,-1.0,-1.0,-1.0,-1.0,-1.0,-1.0,-1.0,-1.0,-1.0,-1.0,-1.0,-1.0,-1.0,-1.0,-1.0,28
2024-03-18 05:20:00,-1.0,-1.0,-1.0,-1.0,-1.0,-1.0,-1.0,-1.0,-1.0,-1.0,-1.0,-1.0,-1.0,-1.0,-1.0,-1.0,-1.0,-1.0,-1.0,-1.0,-1.0,-1.0,-1.0,-1.0,-1.0,-1.0,28
2024-03-18 05:25:00,-1.0,-1.0,-1.0,-1.0,-1.0,-1.0,-1.0,-1.0,-1.0,-1.0,-1.0,-1.0,-1.0,-1.0,-1.0,-1.0,-1.0,-1.0,-1.0,-1.0,-1.0,-1.0,-1.0,-1.0,-1.0,-1.0,28
2024-03-18 05:30:00,-1.0,-1.0,-1.0,-1.0,-1.0,-1.0,-1.0,-1.0,-1.0,-1.0,-1.0,-1.0,-1.0,-1.0,-1.0,-1.0,-1.0,-1.0,-1.0,-1.0,-1.0,-1.0,-1.0,-1.0,-1.0,-1.0,28
2024-03-18 05:35:00,-1.0,-1.0,-1.0,-1.0,-1.0,-1.0,-1.0,-1.0,-1.0,-1.0,-1.0,-1.0,-1.0,-1.0,-1.0,-1.0,-1.0,-1.0,-1.0,-1.0,-1.0,-1.0,-1.0,-1.0,-1.0,-1.0,28
2024-03-18 05:40:00,-1.0,-1.0,-1.0,-1.0,-1.0,-1.0,-1.0,-1.0,-1.0,-1.0,-1.0,-1.0,-1.0,-1.0,-1.0,-1.0,-1.0,-1.0,-1.0,-1.0,-1.0,-1.0,-1.0,-1.0,-1.0,-1.0,28
2024-03-18 05:45:00,-1.0,-1.0,-1.0,-1.0,-1.0,-1.0,-1.0,-1.0,-1.0,-1.0,-1.0,-1.0,-1.0,-1.0,-1.0,-1.0,-1.0,-1.0,-1.0,-1.0,-1.0,-1.0,-1.0,-1.0,-1.0,-1.0,28
2024-03-18 05:50:00,-1.0,-1.0,-1.0,-1.0,-1.0,-1.0,-1.0,-1.0,-1.0,-1.0,-1.0,-1.0,-1.0,-1.0,-1.0,-1.0,-1.0,-1.0,-1.0,-1.0,-1.0,-1.0,-1.0,-1.0,-1.0,-1.0,28
2024-03-18 05:55:00,-1.0,-1.0,-1.0,-1.0,-1.0,-1.0,-1.0,-1.0,-1.0,-1.0,-1.0,-1.0,-1.0,-1.0,-1.0,-1.0,-1.0,-1.0,-1.0,-1.0,-1.0,-1.0,-1.0,-1.0,-1.0,-1.0,28
2024-03-18 06:00:00,-1.0,-1.0,-1.0,-1.0,-1.0,-1.0,-1.0,-1.0,-1.0,-1.0,-1.0,-1.0,-1.0,-1.0,-1.0,-1.0,-1.0,-1.0,-1.0,-1.0,-1.0,-1.0,-1.0,-1.0,-1.0,-1.0,28
2024-03-18 06:05:00,-1.0,-1.0,-1.0,-1.0,-1.0,-1.0,-1.0,-1.0,-1.0,-1.0,-1.0,-1.0,-1.0,-1.0,-1.0,-1.0,-1.0,-1.0,-1.0,-1.0,-1.0,-1.0,-1.0,-1.0,-1.0,-1.0,28
2024-03-18 06:10:00,-1.0,-1.0,-1.0,-1.0,-1.0,-1.0,-1.0,-1.0,-1.0,-1.0,-1.0,-1.0,-1.0,-1.0,-1.0,-1.0,-1.0,-1.0,-1.0,-1.0,-1.0,-1.0,-1.0,-1.0,-1.0,-1.0,28
2024-03-18 06:15:00,-1.0,-1.0,-1.0,-1.0,-1.0,-1.0,-1.0,-1.0,-1.0,-1.0,-1.0,-1.0,-1.0,-1.0,-1.0,-1.0,-1.0,-1.0,-1.0,-1.0,-1.0,-1.0,-1.0,-1.0,-1.0,-1.0,28
2024-03-18 06:20:00,-1.0,-1.0,-1.0,-1.0,-1.0,-1.0,-1.0,-1.0,-1.0,-1.0,-1.0,-1.0,-1.0,-1.0,-1.0,-1.0,-1.0,-1.0,-1.0,-1.0,-1.0,-1.0,-1.0,-1.0,-1.0,-1.0,28
2024-03-18 06:25:00,-1.0,-1.0,-1.0,-1.0,-1.0,-1.0,-1.0,-1.0,-1.0,-1.0,-1.0,-1.0,-1.0,-1.0,-1.0,-1.0,-1.0,-1.0,-1.0,-1.0,-1.0,-1.0,-1.0,-1.0,-1.0,-1.0,28
2024-03-18 06:30:00,-1.0,-1.0,-1.0,-1.0,-1.0,-1.0,-1.0,-1.0,-1.0,-1.0,-1.0,-1.0,-1.0,-1.0,-1.0,-1.0,-1.0,-1.0,-1.0,-1.0,-1.0,-1.0,-1.0,-1.0,-1.0,-1.0,28
2024-03-18 06:35:00,-1.0,-1.0,-1.0,-1.0,-1.0,-1.0,-1.0,-1.0,-1.0,-1.0,-1.0,-1.0,-1.0,-1.0,-1.0,-1.0,-1.0,-1.0,-1.0,-1.0,-1.0,-1.0,-1.0,-1.0,-1.0,-1.0,28
2024-03-18 06:40:00,-1.0,-1.0,-1.0,-1.0,-1.0,-1.0,-1.0,-1.0,-1.0,-1.0,-1.0,-1.0,-1.0,-1.0,-1.0,-1.0,-1.0,-1.0,-1.0,-1.0,-1.0,-1.0,-1.0,-1.0,-1.0,-1.0,28
2024-03-18 06:45:00,-1.0,-1.0,-1.0,-1.0,-1.0,-1.0,-1.0,-1.0,-1.0,-1.0,-1.0,-1.0,-1.0,-1.0,-1.0,-1.0,-1.0,-1.0,-1.0,-1.0,-1.0,-1.0,-1.0,-1.0,-1.0,-1.0,28
2024-03-18 06:50:00,-1.0,-1.0,-1.0,-1.0,-1.0,-1.0,-1.0,-1.0,-1.0,-1.0,-1.0,-1.0,-1.0,-1.0,-1.0,-1.0,-1.0,-1.0,-1.0,-1.0,-1.0,-1.0,-1.0,-1.0,-1.0,-1.0,28
2024-03-18 06:55:00,-1.0,-1.0,-1.0,-1.0,-1.0,-1.0,-1.0,-1.0,-1.0,-1.0,-1.0,-1.0,-1.0,-1.0,-1.0,-1.0,-1.0,-1.0,-1.0,-1.0,-1.0,-1.0,-1.0,-1.0,-1.0,-1.0,28
2024-03-18 07:00:00,-1.0,-1.0,-1.0,-1.0,-1.0,-1.0,-1.0,-1.0,-1.0,-1.0,-1.0,-1.0,-1.0,-1.0,-1.0,-1.0,-1.0,-1.0,-1.0,-1.0,-1.0,-1.0,-1.0,-1.0,-1.0,-1.0,28
2024-03-18 07:05:00,-1.0,-1.0,-1.0,-1.0,-1.0,-1.0,-1.0,-1.0,-1.0,-1.0,-1.0,-1.0,-1.0,-1.0,-1.0,-1.0,-1.0,-1.0,-1.0,-1.0,-1.0,-1.0,-1.0,-1.0,-1.0,-1.0,28
2024-03-18 07:10:00,-1.0,-1.0,-1.0,-1.0,-1.0,-1.0,-1.0,-1.0,-1.0,-1.0,-1.0,-1.0,-1.0,-1.0,-1.0,-1.0,-1.0,-1.0,-1.0,-1.0,-1.0,-1.0,-1.0,-1.0,-1.0,-1.0,28
2024-03-18 07:15:00,-1.0,-1.0,-1.0,-1.0,-1.0,-1.0,-1.0,-1.0,-1.0,-1.0,-1.0,-1.0,-1.0,-1.0,-1.0,-1.0,-1.0,-1.0,-1.0,-1.0,-1.0,-1.0,-1.0,-1.0,-1.0,-1.0,28
2024-03-18 07:20:00,-1.0,-1.0,-1.0,-1.0,-1.0,-1.0,-1.0,-1.0,-1.0,-1.0,-1.0,-1.0,-1.0,-1.0,-1.0,-1.0,-1.0,-1.0,-1.0,-1.0,-1.0,-1.0,-1.0,-1.0,-1.0,-1.0,28
2024-03-18 07:25:00,0.0,0.0,0.0,0.0,0.0,0.0,0.0,0.0,0.0,0.0,0.0,0.0,279.015,279.362,279.267,0.0,0.0,0.0,60.02,0.0,0.0,613.347,562.785,0.0,0.0,3000000.0,28
2024-03-18 07:30:00,0.0,0.0,0.0,0.0,0.0,0.0,0.0,0.0,0.0,0.0,0.0,0.0,278.739,279.021,279.063,0.0,0.0,0.0,60.008,0.0,0.0,680.836,681.798,0.0,0.0,3000000.0,28
2024-03-18 07:35:00,31.833,10.633,10.633,10.567,-65.167,-21.7,-22.133,-21.333,73.267,24.467,24.8,24.0,277.942,278.373,278.275,0.089,0.09,0.087,59.997,41.267,35.75,632.008,631.734,0.074,0.065,1543114.733,28
2024-03-18 07:40:00,230.733,77.0,77.033,76.7,-142.533,-47.567,-48.6,-46.367,272.3,90.633,91.5,90.167,278.242,278.621,278.429,0.33,0.331,0.326,59.989,160.433,144.6,627.079,617.456,0.257,0.234,429026.0,28
2024-03-18 07:45:00,235.433,78.367,78.7,78.367,-143.1,-47.0,-48.833,-47.267,274.633,91.167,92.367,91.1,278.358,278.726,278.934,0.33,0.333,0.33,59.995,163.583,144.417,626.911,636.587,0.263,0.229,429026.0,28
2024-03-18 07:50:00,515.75,171.933,172.5,171.317,-142.4,-47.633,-48.6,-46.167,534.85,178.3,179.15,177.4,278.514,278.719,279.036,0.642,0.645,0.638,59.996,292.15,268.05,649.236,654.72,0.451,0.411,429026.0,28
2024-03-18 07:55:00,1156.9,387.967,385.867,383.067,-108.633,-38.367,-36.4,-33.867,1160.633,389.417,387.183,384.033,279.115,279.159,279.456,1.398,1.389,1.377,59.992,602.967,557.1,679.189,684.648,0.884,0.811,429026.0,28
2024-03-18 08:00:00,1559.717,523.7,520.333,515.683,-77.733,-28.6,-26.167,-22.967,1559.717,523.7,520.333,515.683,279.704,279.624,279.909,1.874,1.863,1.844,59.997,803.317,752.717,688.477,700.878,1.169,1.075,429026.0,28
2024-03-18 08:05:00,1269.467,424.533,423.7,421.233,-105.633,-36.467,-35.667,-33.5,1270.367,425.1,423.833,421.433,279.313,279.239,279.642,1.524,1.52,1.509,59.991,652.017,610.2,675.332,678.192,0.967,0.902,429026.0,28
2024-03-18 08:10:00,1491.667,500.433,497.5,493.733,-81.467,-29.5,-27.433,-24.533,1492.067,500.667,497.567,493.833,278.347,278.381,278.661,1.801,1.79,1.774,59.987,772.367,727.6,683.552,694.705,1.13,1.047,429026.0,28
2024-03-18 08:15:00,1722.767,578.233,574.733,569.8,-66.733,-24.833,-22.633,-19.267,1722.933,578.3,574.767,569.867,278.534,278.671,279.078,2.079,2.066,2.045,59.99,896.917,842.15,690.672,701.622,1.298,1.2,429026.0,28
2024-03-18 08:20:00,1387.767,465.233,462.75,459.783,-93.467,-33.267,-31.367,-28.833,1388.2,465.433,462.85,459.917,278.652,278.805,279.15,1.672,1.663,1.649,59.996,725.7,660.483,682.944,686.862,1.063,0.962,429026.0,28
2024-03-18 08:25:00,2825.35,946.8,940.967,937.583,-43.033,-16.267,-14.4,-12.367,2825.35,946.8,940.967,937.583,278.828,278.943,279.193,3.396,3.375,3.359,59.992,1474.4,1394.917,701.312,702.217,2.079,1.961,429026.0,28
2024-03-18 08:30:00,5716.783,1912.183,1901.833,1902.767,-7.333,-3.5,-1.833,-2.0,5716.483,1912.183,1901.6,1902.7,279.415,279.596,279.859,6.846,6.803,6.801,59.995,2964.8,2860.467,725.132,721.337,4.089,3.974,429026.0,28
2024-03-18 08:35:00,6225.783,2081.05,2071.067,2073.667,-7.0,-3.267,-1.7,-2.033,6225.717,2081.05,2071.033,2073.633,279.524,279.787,280.113,7.447,7.404,7.404,59.999,3205.417,3127.117,719.482,723.489,4.456,4.323,429026.0,28
2024-03-18 08:40:00,2785.333,932.283,928.517,924.533,-27.167,-10.4,-9.233,-7.533,2785.267,932.283,928.517,924.467,279.087,279.299,279.767,3.342,3.326,3.306,60.0,1456.467,1370.75,691.31,697.974,2.106,1.963,429026.0,28
2024-03-18 08:45:00,5518.617,1845.7,1835.367,1837.55,-9.2,-4.267,-2.133,-2.8,5518.317,1845.7,1835.2,1837.417,279.845,279.86,280.331,6.595,6.558,6.555,59.998,2879.933,2731.817,709.79,706.712,4.046,3.842,429026.0,28
2024-03-18 08:50:00,7858.817,2626.017,2613.0,2619.8,-5.367,-2.4,-1.033,-1.933,7858.55,2626.017,2612.733,2619.8,280.351,280.305,280.842,9.368,9.323,9.329,60.001,4064.467,3924.35,717.216,727.356,5.67,5.398,429026.0,28
2024-03-18 08:55:00,10739.217,3584.333,3570.15,3584.733,-4.1,-1.967,-0.267,-1.867,10738.6,3584.333,3569.567,3584.7,280.832,280.858,281.543,12.764,12.71,12.733,60.007,5516.517,5367.5,715.359,721.288,7.718,7.443,429026.0,28
2024-03-18 09:00:00,10222.717,3411.967,3399.2,3411.55,-4.667,-2.233,-0.4,-2.033,10219.217,3411.117,3397.517,3410.583,280.055,280.123,280.707,12.176,12.125,12.145,59.998,5270.917,5102.733,710.38,715.645,7.395,7.122,429026.0,28
2024-03-18 09:05:00,5534.05,1850.567,1840.683,1842.8,-8.1,-4.0,-2.0,-2.1,5534.383,1850.833,1840.617,1842.933,278.925,279.039,279.422,6.637,6.598,6.597,59.99,2886.3,2735.683,704.151,709.623,4.101,3.857,429026.0,28
2024-03-18 09:10:00,5351.867,1790.05,1780.467,1781.35,-8.433,-4.167,-2.1,-2.167,5351.3,1789.983,1780.167,1781.15,279.103,279.22,279.655,6.414,6.377,6.371,60.004,2786.033,2654.083,699.338,709.912,3.989,3.738,429026.0,28
2024-03-18 09:15:00,4509.783,1509.3,1499.3,1501.183,-11.2,-5.2,-2.633,-3.367,4509.617,1509.25,1499.25,1501.117,278.918,278.928,279.548,5.414,5.378,5.372,60.007,2370.55,2217.733,697.785,705.032,3.399,3.147,429026.0,28
2024-03-18 09:20:00,4396.817,1471.767,1461.967,1463.083,-13.367,-5.833,-3.6,-3.933,4396.783,1471.767,1461.933,1463.083,279.867,279.797,280.354,5.261,5.227,5.221,59.999,2324.733,2169.667,695.33,701.316,3.344,3.094,429026.0,28
2024-03-18 09:25:00,5170.983,1730.583,1719.017,1721.383,-9.767,-4.867,-2.3,-2.6,5170.783,1730.583,1718.883,1721.317,280.592,280.427,280.935,6.168,6.13,6.128,60.014,2699.833,2569.6,697.535,700.641,3.865,3.666,429026.0,28
2024-03-18 09:30:00,10905.35,3640.667,3625.75,3638.933,-5.833,-2.8,-1.033,-2.0,10904.617,3640.433,3625.317,3638.867,282.364,282.383,282.893,12.882,12.828,12.85,60.0,5605.217,5445.017,705.598,706.883,7.933,7.693,429026.0,28
2024-03-18 09:35:00,6814.433,2276.533,2267.867,2270.033,-7.367,-3.0,-2.067,-2.3,6814.4,2276.533,2267.833,2270.033,281.386,281.861,282.128,8.092,8.047,8.048,60.012,3523.217,3373.467,697.423,701.143,5.053,4.812,429026.0,28
2024-03-18 09:40:00,6774.833,2262.867,2255.067,2256.9,-7.767,-3.533,-1.933,-2.3,6774.767,2262.867,2255.0,2256.9,281.003,281.462,281.704,8.054,8.013,8.013,60.008,3501.383,3355.233,701.388,701.344,4.993,4.785,429026.0,28
2024-03-18 09:45:00,6613.033,2209.433,2201.117,2202.483,-7.8,-3.8,-2.0,-2.0,6613.133,2209.533,2201.117,2202.483,280.2,280.487,280.75,7.887,7.849,7.846,60.005,3425.833,3270.283,699.574,701.561,4.9,4.663,429026.0,28
2024-03-18 09:50:00,7037.317,2351.15,2340.417,2345.75,-7.433,-3.533,-1.8,-2.1,7037.45,2351.183,2340.45,2345.817,281.006,281.174,281.685,8.369,8.325,8.33,60.018,3631.45,3484.233,695.358,702.143,5.226,4.964,429026.0,28
2024-03-18 09:55:00,8128.35,2714.917,2703.133,2710.3,-6.8,-2.8,-1.833,-2.167,8126.017,2714.183,2702.233,2709.6,281.114,281.292,281.742,9.66,9.611,9.622,59.998,4215.917,4008.983,701.437,707.811,6.013,5.665,429026.0,28
2024-03-18 10:00:00,9016.467,3011.067,2998.417,3006.983,-5.7,-2.2,-1.467,-2.033,9015.9,3011.033,2998.017,3006.85,280.587,280.771,281.223,10.733,10.679,10.694,59.983,4656.217,4476.117,698.419,707.583,6.669,6.328,429026.0,28
2024-03-18 10:05:00,7755.967,2591.85,2578.633,2585.483,-7.067,-3.267,-1.733,-2.067,7755.567,2591.717,2578.467,2585.383,280.375,280.377,280.953,9.245,9.198,9.204,59.989,4019.1,3832.133,694.123,700.754,5.793,5.471,429026.0,28
2024-03-18 10:10:00,7857.433,2626.1,2612.1,2619.233,-7.533,-3.6,-1.8,-2.133,7856.733,2625.933,2611.833,2618.967,280.603,280.477,281.01,9.361,9.315,9.322,59.986,4056.0,3898.917,695.76,704.521,5.833,5.536,429026.0,28
2024-03-18 10:15:00,8304.683,2774.05,2761.95,2768.683,-7.2,-3.367,-1.8,-2.033,8304.65,2774.05,2761.917,2768.683,281.054,281.188,281.645,9.871,9.823,9.832,60.009,4298.917,4100.983,701.488,698.246,6.13,5.879,429026.0,28
2024-03-18 10:20:00,11612.433,3875.767,3860.817,3875.85,-4.5,-2.0,-0.467,-2.033,11611.8,3875.633,3860.383,3875.783,281.967,281.993,282.677,13.746,13.69,13.711,60.01,5964.3,5773.117,703.479,704.866,8.481,8.191,429026.0,28
2024-03-18 10:25:00,12245.15,4086.4,4071.183,4087.567,-4.333,-2.0,-0.333,-2.0,12236.3,4083.5,4068.067,4084.733,281.844,281.937,282.639,14.499,14.439,14.462,59.998,6287.1,6113.283,703.062,702.771,8.943,8.696,429026.0,28
2024-03-18 10:30:00,11900.617,3971.533,3958.083,3971.0,-3.933,-1.933,-0.067,-1.933,11900.583,3971.767,3957.683,3971.133,281.735,281.891,282.371,14.096,14.038,14.062,59.989,6123.9,5930.233,701.62,695.666,8.729,8.526,429026.0,28
2024-03-18 10:35:00,11913.25,3974.4,3962.233,3976.617,-4.133,-1.8,-0.367,-1.967,11914.067,3974.9,3962.15,3977.017,282.303,282.463,283.028,14.079,14.026,14.05,60.007,6124.45,5927.417,691.389,689.104,8.859,8.6,429026.0,28
2024-03-18 10:40:00,17706.583,5904.333,5885.567,5916.683,-3.533,-1.5,-0.067,-1.967,17704.7,5903.833,5884.5,5916.367,282.526,282.469,283.265,20.883,20.819,20.87,60.001,9048.083,8793.917,696.595,698.696,12.985,12.586,429026.0,28
2024-03-18 10:45:00,12890.5,4298.9,4287.8,4303.8,-4.267,-1.867,-0.4,-2.0,12889.567,4298.633,4287.267,4303.667,281.912,281.992,282.599,15.245,15.202,15.226,59.999,6654.4,6490.033,681.837,689.763,9.755,9.413,429026.0,28
2024-03-18 10:50:00,16312.717,5437.483,5426.617,5448.617,-3.467,-1.333,-0.167,-1.967,16299.5,5433.0,5422.05,5444.45,282.188,282.524,283.083,19.258,19.196,19.234,59.969,8336.75,8123.85,688.642,697.905,12.124,11.632,429026.0,28
2024-03-18 10:55:00,15932.15,5312.583,5298.9,5320.667,-3.7,-1.7,-0.033,-1.967,15929.967,5311.933,5297.717,5320.317,282.183,282.353,282.971,18.822,18.762,18.799,59.995,8223.4,7947.6,690.461,694.67,11.915,11.444,429026.0,28
2024-03-18 11:00:00,16492.95,5497.433,5486.233,5509.283,-3.333,-1.333,0.0,-2.0,16491.417,5496.8,5485.567,5509.05,282.08,282.257,282.823,19.478,19.425,19.466,60.018,8453.433,8176.217,689.345,682.655,12.291,12.002,429026.0,28
2024-03-18 11:05:00,19490.3,6496.133,6481.017,6513.15,-3.867,-1.367,-0.333,-2.167,19535.767,6511.0,6495.9,6528.867,282.985,283.096,283.83,22.935,22.872,22.925,60.002,9947.933,9739.033,670.926,697.576,14.802,14.004,429026.0,28
2024-03-18 11:10:00,22601.65,7527.567,7516.533,7557.55,-3.6,-0.9,-0.433,-2.267,22545.833,7508.85,7497.733,7539.25,283.919,284.121,284.994,26.494,26.436,26.498,59.983,11676.983,11363.317,662.422,666.63,17.965,17.402,429026.0,28
2024-03-18 11:15:00,14399.5,4798.3,4791.717,4809.483,-3.633,-1.333,-0.233,-2.067,14404.35,4800.05,4792.917,4811.383,282.341,282.686,283.314,16.992,16.946,16.973,59.983,7430.017,7195.517,672.711,669.201,11.045,10.756,429026.0,28
2024-03-18 11:20:00,13647.367,4548.067,4540.833,4558.467,-2.867,-0.8,-0.1,-1.967,13648.0,4548.533,4540.567,4558.9,282.348,282.637,283.3,16.108,16.064,16.091,59.99,7050.367,6836.317,683.919,681.609,10.313,10.033,429026.0,28
2024-03-18 11:25:00,14300.167,4765.717,4758.467,4775.983,-3.167,-1.1,-0.067,-2.0,14299.233,4765.383,4757.933,4775.917,282.011,282.303,282.876,16.899,16.855,16.884,59.991,7385.567,7153.45,688.465,686.435,10.731,10.424,429026.0,28
2024-03-18 11:30:00,11425.167,3808.9,3801.6,3814.667,-4.2,-1.833,-0.367,-2.0,11424.633,3808.833,3801.267,3814.533,281.485,281.752,282.34,13.53,13.491,13.509,59.991,5906.05,5693.45,686.437,682.707,8.604,8.346,429026.0,28
2024-03-18 11:35:00,8880.117,2962.35,2955.65,2962.117,-5.333,-2.0,-1.333,-2.0,8880.117,2962.35,2955.617,2962.15,281.357,281.57,282.035,10.53,10.498,10.504,60.001,4572.717,4437.033,679.32,685.877,6.736,6.471,429026.0,28
2024-03-18 11:40:00,9979.95,3330.867,3319.917,3329.167,-4.667,-2.0,-0.667,-2.0,9979.45,3330.8,3319.55,3329.1,280.923,281.092,281.487,11.858,11.811,11.828,59.991,5137.217,4973.2,692.609,692.122,7.418,7.187,429026.0,28
2024-03-18 11:45:00,10817.15,3611.533,3597.583,3608.033,-4.033,-1.967,-0.067,-2.0,10816.2,3611.4,3596.867,3607.933,281.119,281.173,281.688,12.849,12.794,12.809,59.979,5556.717,5403.183,697.648,692.449,7.967,7.805,429026.0,28
2024-03-18 11:50:00,11544.55,3851.433,3841.483,3851.633,-4.567,-1.967,-0.6,-2.0,11543.933,3851.333,3841.0,3851.6,281.326,281.49,281.88,13.691,13.646,13.665,59.992,5922.017,5782.5,694.373,691.398,8.532,8.365,429026.0,28
2024-03-18 11:55:00,13261.933,4422.55,4412.417,4426.967,-3.867,-1.7,-0.2,-1.967,13261.267,4422.417,4411.95,4426.9,282.153,282.396,282.805,15.675,15.624,15.655,60.01,6804.433,6639.05,694.203,692.202,9.806,9.593,429026.0,28
2024-03-18 12:00:00,15974.1,5324.033,5313.017,5337.05,-4.267,-1.633,-0.533,-2.1,15973.7,5323.9,5312.583,5337.217,282.989,283.297,283.911,18.81,18.749,18.794,59.989,8230.7,8012.583,694.301,692.553,11.859,11.57,429026.0,28
2024-03-18 12:05:00,17196.583,5730.033,5719.717,5746.833,-3.767,-1.267,-0.367,-2.133,17194.833,5729.467,5718.8,5746.567,282.996,283.223,283.939,20.236,20.181,20.227,59.974,8828.983,8636.833,683.455,683.989,12.927,12.619,429026.0,28
2024-03-18 12:10:00,10044.833,3350.7,3341.7,3352.433,-4.4,-1.967,-0.433,-2.0,10044.467,3350.633,3341.467,3352.367,281.937,281.879,282.591,11.886,11.856,11.864,59.997,5197.85,5021.367,682.394,678.556,7.619,7.402,429026.0,28
2024-03-18 12:15:00,10618.217,3541.617,3532.35,3544.25,-5.533,-2.0,-1.467,-2.067,10618.05,3541.583,3532.25,3544.217,282.043,282.018,282.725,12.558,12.526,12.537,60.004,5465.967,5299.533,685.932,684.283,7.97,7.746,429026.0,28
2024-03-18 12:20:00,10628.817,3544.783,3536.783,3547.25,-5.367,-1.967,-1.433,-1.967,10628.483,3544.717,3536.55,3547.217,281.951,282.002,282.657,12.574,12.543,12.55,60.019,5490.2,5288.4,689.682,680.241,7.962,7.777,429026.0,28
2024-03-18 12:25:00,9887.383,3298.35,3289.683,3299.35,-4.867,-2.0,-0.867,-2.0,9886.617,3298.15,3289.25,3299.217,280.75,280.938,281.531,11.749,11.71,11.72,60.006,5095.833,4922.983,692.868,690.694,7.357,7.131,429026.0,28
2024-03-18 12:30:00,10256.05,3421.433,3411.3,3423.317,-4.567,-2.0,-0.567,-2.0,10255.833,3421.467,3410.983,3423.383,280.743,280.883,281.639,12.187,12.143,12.155,60.002,5290.7,5094.35,695.515,692.715,7.607,7.356,429026.0,28
2024-03-18 12:35:00,10780.833,3595.1,3588.083,3597.65,-4.067,-1.7,-0.4,-1.967,10780.35,3595.0,3587.767,3597.583,281.569,281.775,282.457,12.769,12.735,12.738,59.998,5562.7,5369.667,693.526,692.519,8.022,7.756,429026.0,28
2024-03-18 12:40:00,10673.333,3559.833,3552.1,3561.4,-4.933,-1.933,-1.0,-2.0,10672.8,3559.733,3551.733,3561.333,281.446,281.536,282.262,12.649,12.617,12.619,60.002,5503.717,5322.367,691.608,689.448,7.959,7.721,429026.0,28
2024-03-18 12:45:00,10780.433,3594.733,3587.617,3598.083,-4.6,-1.9,-0.7,-2.0,10780.0,3594.567,3587.417,3598.017,281.47,281.697,282.377,12.773,12.737,12.744,60.0,5564.75,5373.583,691.302,691.293,8.051,7.775,429026.0,28
2024-03-18 12:50:00,11440.3,3813.517,3807.317,3819.467,-3.9,-1.667,-0.267,-1.967,11440.733,3813.75,3807.283,3819.7,281.635,281.9,282.688,13.542,13.506,13.513,59.997,5844.983,5717.35,686.223,689.622,8.527,8.292,429026.0,28
2024-03-18 12:55:00,13045.75,4349.133,4340.283,4356.333,-4.5,-1.9,-0.6,-2.0,13045.783,4349.167,4340.283,4356.333,281.861,282.061,282.772,15.431,15.389,15.407,59.999,6701.817,6532.917,691.318,689.326,9.696,9.479,429026.0,28
2024-03-18 13:00:00,11944.8,3983.35,3974.4,3987.05,-5.1,-1.967,-1.133,-2.0,11943.95,3983.083,3974.017,3986.85,281.681,281.899,282.364,14.141,14.098,14.12,59.999,6144.133,5975.467,691.22,689.178,8.891,8.672,429026.0,28
2024-03-18 13:05:00,10488.733,3498.8,3490.167,3499.767,-4.267,-1.967,-0.333,-1.967,10488.133,3498.833,3489.733,3499.567,280.86,280.998,281.433,12.458,12.42,12.436,59.99,5400.333,5244.15,686.509,685.011,7.869,7.658,429026.0,28
2024-03-18 13:10:00,9718.117,3242.95,3233.55,3241.617,-4.6,-2.0,-0.6,-2.0,9717.833,3242.867,3233.483,3241.483,280.378,280.523,280.861,11.568,11.527,11.543,59.983,5001.767,4855.267,687.902,689.229,7.272,7.046,429026.0,28
2024-03-18 13:15:00,12573.083,4195.533,4181.65,4195.9,-4.0,-1.933,-0.133,-1.933,12572.667,4195.533,4181.233,4195.9,280.482,280.672,281.097,14.957,14.897,14.926,59.997,6452.367,6283.183,696.328,690.145,9.267,9.106,429026.0,28
2024-03-18 13:20:00,14736.933,4914.083,4900.983,4921.867,-4.067,-1.767,-0.267,-2.033,14736.6,4914.083,4900.583,4921.933,281.324,281.415,282.048,17.467,17.413,17.449,60.001,7580.217,7361.567,691.863,688.644,10.959,10.693,429026.0,28
2024-03-18 13:25:00,12098.233,4036.967,4023.133,4038.133,-4.4,-1.933,-0.5,-1.967,12097.333,4036.767,4022.567,4038.0,280.773,280.565,281.169,14.377,14.336,14.36,59.996,6236.5,6039.9,682.953,682.912,9.132,8.846,429026.0,28
2024-03-18 13:30:00,13724.367,4582.167,4559.767,4582.433,-4.0,-1.967,-0.067,-1.967,13723.783,4582.167,4559.067,4582.55,281.349,280.703,281.475,16.287,16.242,16.28,60.0,7073.067,6852.55,688.309,677.979,10.277,10.104,429026.0,28
2024-03-18 13:35:00,16720.883,5582.133,5554.067,5584.683,-3.967,-1.967,0.0,-2.0,16716.833,5581.167,5552.15,5583.517,282.079,281.397,282.213,19.787,19.732,19.786,59.995,8567.033,8391.783,678.667,678.277,12.624,12.374,429026.0,28
2024-03-18 13:40:00,16362.017,5462.233,5435.7,5464.083,-3.967,-1.967,0.0,-2.0,16328.25,5451.217,5423.917,5453.117,281.475,280.808,281.59,19.399,19.347,19.396,60.009,8441.417,8179.3,673.523,675.218,12.575,12.25,429026.0,28
2024-03-18 13:45:00,28138.133,9381.95,9346.067,9410.117,-3.1,-1.1,0.0,-2.0,28124.967,9377.55,9341.25,9406.167,283.634,282.854,284.107,33.062,33.024,33.106,60.011,14382.633,14173.783,711.987,720.174,20.157,19.646,429026.0,28
2024-03-18 13:50:00,26442.233,8817.217,8786.0,8839.017,-3.433,-1.367,-0.033,-2.033,26407.933,8805.8,8774.133,8828.0,283.497,283.006,283.998,31.088,31.029,31.108,59.986,13523.35,13379.867,694.229,695.284,19.425,19.183,429026.0,28
2024-03-18 13:55:00,20842.55,6955.2,6923.333,6964.017,-3.933,-1.933,0.0,-2.0,20849.367,6957.583,6925.15,6966.633,282.569,281.943,282.808,24.6,24.539,24.609,59.976,10767.667,10523.3,648.641,648.521,16.563,16.187,429026.0,28
2024-03-18 14:00:00,18082.817,6034.3,6007.283,6041.233,-4.0,-1.967,0.0,-2.033,18080.483,6033.633,6005.983,6040.867,281.809,281.237,282.073,21.402,21.347,21.406,60.011,9327.717,9086.35,646.776,654.231,14.428,13.873,429026.0,28
2024-03-18 14:05:00,12321.0,4113.567,4094.033,4113.4,-4.2,-2.0,-0.2,-2.0,12320.233,4113.533,4093.433,4113.267,281.389,280.828,281.574,14.618,14.575,14.609,60.002,6383.733,6128.267,666.508,668.354,9.577,9.169,429026.0,28
2024-03-18 14:10:00,10160.217,3392.4,3377.55,3390.267,-4.167,-2.033,-0.1,-2.033,10159.517,3392.3,3377.017,3390.2,280.221,279.787,280.361,12.108,12.072,12.094,60.007,5285.8,5031.833,672.751,671.206,7.859,7.497,429026.0,28
2024-03-18 14:15:00,8271.517,2762.75,2750.267,2758.5,-5.267,-2.1,-1.167,-2.0,8271.183,2762.717,2750.033,2758.433,279.702,279.229,279.562,9.878,9.85,9.869,59.981,4296.683,4107.067,674.679,677.163,6.37,6.067,429026.0,28
2024-03-18 14:20:00,6872.05,2293.317,2288.583,2290.15,-6.6,-2.567,-2.033,-2.0,6871.983,2293.317,2288.55,2290.117,283.018,283.192,283.475,8.107,8.086,8.083,59.985,3571.017,3413.383,679.317,680.775,5.259,5.017,429026.0,28
2024-03-18 14:25:00,7282.867,2429.567,2425.517,2427.783,-6.767,-2.567,-2.033,-2.167,7282.8,2429.567,2425.45,2427.783,284.568,284.858,285.297,8.539,8.517,8.511,60.006,3752.367,3637.367,685.758,685.768,5.473,5.305,429026.0,28
2024-03-18 14:30:00,9126.117,3043.65,3038.117,3044.35,-5.233,-1.967,-1.267,-2.0,9125.917,3043.65,3037.95,3044.317,284.379,284.77,285.122,10.705,10.671,10.679,60.0,4705.783,4554.45,691.749,682.799,6.804,6.675,429026.0,28
2024-03-18 14:35:00,10918.333,3640.533,3634.583,3643.217,-4.667,-1.767,-0.933,-1.967,10918.167,3640.5,3634.483,3643.183,283.262,283.601,283.968,12.852,12.815,12.829,59.991,5580.033,5499.133,691.09,692.079,8.085,7.944,429026.0,28
2024-03-18 14:40:00,16037.083,5342.333,5338.033,5356.717,-3.033,-0.867,-0.167,-2.0,16035.45,5341.667,5337.367,5356.417,283.861,284.369,284.915,18.814,18.764,18.794,59.993,8243.45,8098.4,692.97,695.757,11.905,11.635,429026.0,28
2024-03-18 14:45:00,19778.05,6585.533,6582.733,6609.783,-2.7,-0.467,-0.233,-2.0,19772.217,6583.333,6580.667,6608.217,284.529,285.093,285.72,23.13,23.074,23.119,59.992,10150.483,9960.0,697.248,700.459,14.499,14.161,429026.0,28
2024-03-18 14:50:00,21678.15,7220.183,7213.267,7244.7,-2.9,-0.7,-0.167,-2.033,21675.517,7219.083,7212.167,7244.267,285.091,285.446,286.12,25.306,25.25,25.299,60.001,11087.85,10944.767,697.663,696.013,15.781,15.611,429026.0,28
2024-03-18 14:55:00,20437.517,6809.617,6796.917,6830.983,-3.533,-1.233,-0.233,-2.067,20434.983,6808.617,6795.8,6830.567,285.349,285.443,286.266,23.843,23.79,23.838,60.001,10493.517,10248.333,675.044,676.313,15.462,15.069,429026.0,28
2024-03-18 15:00:00,25461.683,8478.517,8470.15,8513.017,-2.533,-0.433,-0.067,-2.033,25458.0,8477.117,8468.583,8512.3,285.599,285.846,286.716,29.675,29.62,29.681,59.998,13083.5,12762.5,684.447,700.269,19.035,18.174,429026.0,28
2024-03-18 15:05:00,25856.983,8608.983,8601.883,8646.117,-2.3,-0.3,0.0,-2.0,25845.283,8604.633,8597.517,8643.133,285.108,285.48,286.258,30.18,30.116,30.189,59.995,13422.967,13018.95,680.897,686.307,19.669,18.952,429026.0,28
2024-03-18 15:10:00,28363.85,9440.95,9432.967,9489.933,-2.433,-0.2,-0.033,-2.2,28360.083,9439.417,9431.417,9489.25,285.957,286.3,287.306,33.005,32.938,33.024,59.987,14594.9,14344.5,674.178,675.524,21.632,21.219,429026.0,28
2024-03-18 15:15:00,29789.333,9917.6,9904.2,9967.533,-2.0,0.0,0.0,-2.0,29785.35,9915.867,9902.667,9966.817,285.709,285.915,287.057,34.706,34.635,34.721,59.999,15333.033,15075.167,672.602,674.979,22.799,22.336,429026.0,28
2024-03-18 15:20:00,26520.283,8831.65,8818.167,8870.467,-2.567,-0.433,-0.067,-2.067,26517.033,8830.25,8816.767,8870.017,285.319,285.477,286.492,30.931,30.866,30.939,60.0,13541.917,13367.683,673.825,672.288,20.04,19.831,429026.0,28
2024-03-18 15:25:00,24387.7,8121.0,8110.383,8156.317,-2.433,-0.333,-0.033,-2.067,24407.667,8127.483,8116.7,8163.483,284.882,285.104,286.087,28.486,28.427,28.489,60.011,12512.2,12288.6,666.326,677.302,18.701,18.085,429026.0,28
2024-03-18 15:30:00,23751.85,7908.483,7900.45,7942.917,-3.2,-0.667,-0.267,-2.267,23748.417,7907.117,7899.117,7942.183,285.127,285.438,286.36,27.722,27.663,27.723,60.013,12273.5,12069.367,639.757,691.31,19.092,17.43,429026.0,28
2024-03-18 15:35:00,19392.667,6458.2,6452.117,6482.35,-3.4,-0.867,-0.433,-2.1,19390.05,6457.0,6451.0,6482.05,284.568,284.972,285.839,22.684,22.631,22.67,60.002,9993.75,9781.0,662.621,643.223,15.089,15.193,429026.0,28
2024-03-18 15:40:00,17428.017,5804.85,5800.317,5822.85,-3.567,-1.033,-0.5,-2.033,17426.117,5804.15,5799.417,5822.55,284.293,284.726,285.447,20.413,20.366,20.395,59.995,8950.783,8777.933,660.293,661.841,13.577,13.266,429026.0,28
2024-03-18 15:45:00,19833.05,6603.6,6600.883,6628.567,-2.6,-0.5,-0.1,-2.0,19830.483,6602.617,6599.767,6628.1,284.061,284.536,285.281,23.236,23.186,23.223,59.986,10227.15,9991.283,675.341,682.519,15.096,14.556,429026.0,28
2024-03-18 15:50:00,29158.183,9706.0,9698.9,9753.283,-2.0,0.0,0.0,-2.0,29154.333,9704.367,9697.4,9752.567,284.99,285.385,286.285,34.05,33.978,34.064,60.009,14944.567,14735.15,670.71,677.06,22.332,21.82,429026.0,28
2024-03-18 15:55:00,27094.383,9018.233,9013.867,9062.283,-2.2,-0.1,-0.033,-2.067,27090.25,9016.533,9012.333,9061.383,285.727,286.22,287.102,31.558,31.488,31.562,60.003,13896.25,13717.4,658.592,653.827,21.102,20.982,429026.0,28
2024-03-18 16:00:00,25131.983,8366.75,8364.05,8401.183,-2.0,0.0,0.0,-2.0,25128.383,8365.35,8362.417,8400.617,285.593,286.106,286.75,29.292,29.229,29.296,60.001,12878.683,12721.817,659.573,654.225,19.528,19.449,429026.0,28
2024-03-18 16:05:00,24144.633,8036.683,8034.65,8073.3,-1.967,0.0,0.0,-1.967,24140.383,8034.917,8033.05,8072.417,285.277,285.788,286.617,28.166,28.109,28.165,60.006,12386.533,12193.967,664.779,654.904,18.634,18.626,429026.0,28
2024-03-18 16:10:00,23783.1,7919.667,7913.017,7950.417,-2.233,-0.167,-0.067,-2.0,23778.8,7918.233,7911.45,7949.117,285.075,285.462,286.217,27.776,27.715,27.774,60.002,12173.05,12039.283,666.402,659.264,18.269,18.266,429026.0,28
2024-03-18 16:15:00,23320.817,7767.783,7758.267,7794.767,-2.233,-0.233,0.0,-2.0,23315.717,7766.167,7756.317,7793.233,285.492,285.796,286.504,27.204,27.141,27.203,59.996,11920.733,11819.517,667.174,658.752,17.87,17.944,429026.0,28
2024-03-18 16:20:00,22436.783,7473.283,7465.667,7497.833,-2.967,-0.6,-0.367,-2.0,22432.783,7471.883,7464.1,7496.8,285.849,286.254,286.832,26.14,26.075,26.137,59.99,11493.833,11342.833,671.153,658.763,17.128,17.223,429026.0,28
2024-03-18 16:25:00,21972.3,7319.167,7311.717,7341.417,-3.967,-1.167,-0.767,-2.033,21969.233,7317.867,7310.517,7340.85,285.764,286.138,286.724,25.608,25.549,25.603,59.994,11229.05,11126.433,674.566,664.18,16.648,16.754,429026.0,28
2024-03-18 16:30:00,21412.267,7132.233,7125.3,7154.733,-2.033,-0.033,0.0,-2.0,21409.2,7130.933,7124.067,7154.2,285.206,285.555,286.219,25.004,24.949,24.996,60.002,10915.033,10867.867,672.791,666.105,16.232,16.318,429026.0,28
2024-03-18 16:35:00,21138.117,7040.117,7033.983,7064.017,-2.333,-0.167,-0.1,-2.067,21135.0,7038.867,7032.75,7063.383,285.396,285.787,286.411,24.664,24.609,24.663,59.995,10796.733,10703.967,676.164,670.117,15.97,15.976,429026.0,28
2024-03-18 16:40:00,19552.667,6511.2,6507.317,6534.15,-2.333,-0.233,-0.1,-2.0,19549.317,6509.933,6505.9,6533.483,284.939,285.395,286.013,22.842,22.792,22.837,59.998,9968.983,9943.917,670.847,670.69,14.862,14.846,429026.0,28
2024-03-18 16:45:00,20341.133,6773.283,6771.05,6796.8,-2.1,-0.133,0.0,-1.967,20337.7,6772.017,6769.517,6796.167,284.985,285.579,286.121,23.762,23.704,23.752,59.972,10373.433,10312.95,682.769,656.845,15.198,15.708,429026.0,28
2024-03-18 16:50:00,19127.233,6373.45,6361.683,6392.1,-2.967,-0.933,-0.033,-2.0,19124.75,6372.55,6360.533,6391.667,285.653,285.812,286.672,22.31,22.255,22.297,60.007,9762.1,9683.783,681.521,672.791,14.327,14.396,429026.0,28
2024-03-18 16:55:00,18240.25,6080.05,6066.067,6094.133,-3.067,-1.067,0.0,-2.0,18237.467,6079.117,6064.617,6093.733,285.897,285.957,286.767,21.264,21.209,21.25,59.989,9298.289,9241.1,679.578,671.426,13.691,13.767,429026.0,28
2024-03-18 17:00:00,17109.0,5701.833,5690.35,5716.817,-3.833,-1.367,-0.367,-2.1,17106.133,5700.7,5689.183,5716.25,286.315,286.402,287.329,19.907,19.86,19.89,60.005,8728.233,8647.25,683.942,674.849,12.757,12.811,429026.0,28
2024-03-18 17:05:00,16571.4,5521.583,5514.233,5535.583,-3.633,-1.033,-0.533,-2.067,16569.3,5520.783,5513.1,5535.417,286.482,286.783,287.496,19.266,19.22,19.248,60.006,8446.45,8383.5,688.241,681.102,12.276,12.322,429026.0,28
2024-03-18 17:10:00,16310.733,5434.233,5428.717,5447.783,-2.6,-0.533,-0.067,-2.0,16309.033,5433.667,5427.983,5447.383,285.639,286.044,286.61,19.022,18.974,19.004,59.992,8316.417,8252.35,691.208,686.439,12.039,12.033,429026.0,28
2024-03-18 17:15:00,15765.7,5252.117,5248.067,5265.517,-3.2,-0.867,-0.333,-2.0,15764.217,5251.567,5247.2,5265.45,286.058,286.535,287.099,18.36,18.314,18.342,59.998,8033.833,7973.7,692.841,684.663,11.597,11.648,429026.0,28
2024-03-18 17:20:00,15153.333,5048.833,5044.15,5060.35,-2.933,-0.733,-0.167,-2.033,15151.917,5048.233,5043.7,5059.983,285.801,286.215,286.764,17.664,17.622,17.646,59.986,7744.867,7647.317,695.518,681.216,11.138,11.23,429026.0,28
2024-03-18 17:25:00,11637.417,3878.733,3874.367,3884.317,-6.167,-2.2,-1.6,-2.367,11636.65,3878.467,3873.967,3884.217,284.972,285.362,285.801,13.593,13.559,13.57,59.998,5941.15,5904.983,691.728,682.776,8.579,8.631,429026.0,28
2024-03-18 17:30:00,6639.033,2215.15,2211.983,2211.9,-9.6,-3.833,-3.3,-2.467,6638.733,2215.05,2211.883,2211.8,284.064,284.362,284.714,7.79,7.77,7.758,59.986,3446.283,3336.0,677.362,671.751,5.035,4.908,429026.0,28
2024-03-18 17:35:00,13701.067,4565.95,4561.733,4573.383,-3.833,-1.333,-0.5,-2.0,13700.433,4565.65,4561.467,4573.317,285.469,286.062,286.467,15.995,15.947,15.966,59.995,6971.533,6931.7,700.609,697.836,9.951,9.935,429026.0,28
2024-03-18 17:40:00,11233.0,3742.717,3741.067,3749.217,-4.8,-1.567,-1.233,-2.0,11232.367,3742.517,3740.733,3749.117,285.365,286.001,286.526,13.114,13.079,13.083,59.98,5717.267,5682.383,694.712,688.028,8.232,8.26,429026.0,28
2024-03-18 17:45:00,3938.95,1314.133,1315.05,1309.767,-17.067,-6.467,-6.6,-4.0,3938.917,1314.133,1315.017,1309.767,283.768,284.447,284.657,4.627,4.619,4.596,59.994,2065.717,1958.767,660.87,662.937,3.148,2.995,429026.0,28
2024-03-18 17:50:00,7667.7,2557.15,2554.317,2556.233,-8.533,-3.133,-2.7,-2.7,7667.4,2557.117,2554.15,2556.133,283.958,284.65,284.885,8.999,8.967,8.966,59.985,3922.167,3845.75,688.64,694.218,5.67,5.517,429026.0,28
2024-03-18 17:55:00,2987.533,998.183,997.883,991.467,-17.767,-6.7,-6.8,-4.267,2973.8,993.65,993.35,986.8,283.51,284.187,284.276,3.523,3.514,3.49,59.993,1571.45,1492.167,672.55,670.662,2.338,2.227,429026.0,28
2024-03-18 18:00:00,3166.483,1057.167,1057.033,1052.283,-18.267,-6.867,-6.6,-4.8,3163.95,1056.333,1056.2,1051.417,283.317,283.856,284.142,3.733,3.725,3.705,59.995,1654.667,1576.767,670.687,674.167,2.466,2.344,429026.0,28
2024-03-18 18:05:00,4422.533,1476.417,1474.617,1471.5,-13.7,-5.167,-5.0,-3.533,4422.633,1476.383,1474.683,1471.567,283.569,284.157,284.505,5.203,5.186,5.169,60.022,2282.05,2206.25,685.045,684.292,3.305,3.2,429026.0,28
2024-03-18 18:10:00,6798.217,2270.233,2263.183,2264.8,-8.667,-3.567,-2.567,-2.533,6798.117,2270.233,2263.083,2264.8,284.237,284.723,285.004,7.987,7.948,7.945,60.001,3471.967,3421.733,704.361,704.411,4.934,4.858,429026.0,28
2024-03-18 18:15:00,7407.2,2472.5,2466.5,2468.2,-7.433,-2.933,-2.267,-2.233,7407.167,2472.5,2466.5,2468.167,283.534,284.181,284.35,8.723,8.682,8.683,60.029,3764.117,3736.967,695.873,697.065,5.407,5.354,429026.0,28
2024-03-18 18:20:00,5048.0,1686.033,1682.483,1679.483,-11.5,-4.6,-3.9,-3.0,5041.217,1683.867,1680.15,1677.2,282.986,283.558,283.634,5.958,5.935,5.923,59.996,2590.167,2547.55,686.385,689.079,3.774,3.694,429026.0,28
2024-03-18 18:25:00,6856.383,2288.383,2283.85,2284.15,-7.767,-3.367,-2.233,-2.167,6856.317,2288.417,2283.75,2284.15,282.874,283.408,283.682,8.091,8.059,8.053,59.969,3490.917,3464.033,685.511,698.742,5.094,4.959,429026.0,28
2024-03-18 18:30:00,5772.283,1926.017,1924.683,1921.583,-9.3,-3.633,-3.333,-2.333,5772.283,1926.017,1924.683,1921.583,282.584,283.342,283.481,6.818,6.794,6.78,59.983,2926.95,2930.333,683.484,696.612,4.284,4.208,429026.0,28
2024-03-18 18:35:00,4033.667,1347.483,1345.85,1340.333,-12.633,-5.067,-4.533,-3.033,4033.667,1347.483,1345.85,1340.333,282.669,283.362,283.318,4.768,4.751,4.732,59.989,2043.533,2064.983,684.549,694.82,2.99,2.978,429026.0,28
2024-03-18 18:40:00,2572.15,861.717,858.333,852.1,-24.9,-10.167,-8.633,-6.1,2572.117,861.717,858.333,852.067,282.175,282.84,282.935,3.056,3.037,3.013,59.993,1314.15,1305.0,691.144,699.317,1.904,1.869,429026.0,28
2024-03-18 18:45:00,1858.017,621.283,622.117,614.617,-43.9,-15.8,-16.433,-11.667,1858.017,621.283,622.117,614.617,282.014,282.715,282.981,2.206,2.203,2.174,59.985,974.633,913.667,679.972,678.834,1.433,1.352,429026.0,28
2024-03-18 18:50:00,1321.967,441.867,444.1,436.0,-69.9,-24.533,-26.033,-19.333,1321.9,441.867,444.067,435.967,282.157,283.027,283.224,1.569,1.571,1.542,59.995,707.95,636.767,677.775,678.96,1.046,0.94,429026.0,28
2024-03-18 18:55:00,1168.833,391.3,392.067,385.467,-79.3,-28.167,-28.867,-22.267,1168.833,391.3,392.067,385.467,282.195,283.152,283.306,1.388,1.387,1.362,60.002,624.633,564.383,666.353,670.194,0.939,0.844,429026.0,28
2024-03-18 19:00:00,1132.5,378.233,379.9,374.367,-85.233,-29.167,-30.833,-25.233,1132.533,378.267,379.9,374.367,282.441,283.394,283.249,1.341,1.342,1.323,60.016,604.0,545.55,662.95,663.655,0.913,0.824,429026.0,28
2024-03-18 19:05:00,1071.033,357.567,359.333,354.133,-90.267,-30.7,-32.567,-27.0,1071.367,357.7,359.5,354.167,282.335,283.167,282.971,1.268,1.271,1.253,60.024,568.2,517.817,658.061,659.163,0.865,0.787,429026.0,28
2024-03-18 19:10:00,969.45,324.317,324.133,321.0,-98.4,-34.067,-34.067,-30.267,971.75,325.183,325.1,321.467,281.569,282.335,282.075,1.159,1.155,1.143,59.985,519.367,477.367,650.445,654.253,0.8,0.732,429026.0,28
2024-03-18 19:15:00,746.167,249.033,250.333,246.8,-101.033,-34.267,-36.0,-30.767,751.0,250.767,252.133,248.1,282.005,282.807,282.691,0.892,0.894,0.88,59.976,412.317,376.033,643.346,645.294,0.642,0.584,429026.0,28
2024-03-18 19:20:00,517.533,172.483,173.6,171.45,-114.133,-38.133,-40.467,-35.533,528.5,176.183,177.95,174.367,281.843,282.522,282.519,0.627,0.631,0.619,59.975,301.833,270.383,632.678,635.88,0.479,0.427,429026.0,28
2024-03-18 19:25:00,360.6,120.233,120.833,119.533,-121.567,-40.333,-42.533,-38.7,379.2,126.267,127.7,125.233,281.992,282.829,282.64,0.451,0.455,0.446,59.974,226.35,201.167,623.45,625.901,0.365,0.323,429026.0,28
2024-03-18 19:30:00,232.2,77.267,77.667,77.267,-120.067,-39.033,-41.4,-39.633,261.433,86.533,88.0,86.9,281.305,282.073,281.883,0.31,0.315,0.311,59.983,164.233,143.4,613.615,610.894,0.269,0.236,429026.0,28
2024-03-18 19:35:00,60.467,20.1,20.133,20.233,-113.4,-36.433,-37.7,-39.267,130.633,42.267,43.5,44.867,281.22,282.108,282.057,0.152,0.155,0.16,59.978,84.883,68.367,586.724,592.284,0.147,0.118,429026.0,28
2024-03-18 19:40:00,0.2,0.067,0.067,0.067,-14.9,-4.833,-4.8,-5.267,14.6,4.8,4.7,5.1,281.39,282.245,282.03,0.017,0.017,0.018,59.982,7.333,5.433,649.875,649.321,0.013,0.009,2657203.467,28
2024-03-18 19:45:00,0.0,0.0,0.0,0.0,0.0,0.0,0.0,0.0,0.0,0.0,0.0,0.0,281.688,282.573,282.466,0.0,0.0,0.0,59.977,0.0,0.0,614.865,612.231,0.0,0.0,3000000.0,28
2024-03-18 19:50:00,0.0,0.0,0.0,0.0,0.0,0.0,0.0,0.0,0.0,0.0,0.0,0.0,281.423,282.334,282.35,0.0,0.0,0.0,59.972,0.0,0.0,475.208,475.941,0.0,0.0,3000000.0,28
2024-03-18 19:55:00,-1.0,-1.0,-1.0,-1.0,-1.0,-1.0,-1.0,-1.0,-1.0,-1.0,-1.0,-1.0,-1.0,-1.0,-1.0,-1.0,-1.0,-1.0,-1.0,-1.0,-1.0,-1.0,-1.0,-1.0,-1.0,-1.0,28
2024-03-18 20:00:00,-1.0,-1.0,-1.0,-1.0,-1.0,-1.0,-1.0,-1.0,-1.0,-1.0,-1.0,-1.0,-1.0,-1.0,-1.0,-1.0,-1.0,-1.0,-1.0,-1.0,-1.0,-1.0,-1.0,-1.0,-1.0,-1.0,28
2024-03-18 20:05:00,-1.0,-1.0,-1.0,-1.0,-1.0,-1.0,-1.0,-1.0,-1.0,-1.0,-1.0,-1.0,-1.0,-1.0,-1.0,-1.0,-1.0,-1.0,-1.0,-1.0,-1.0,-1.0,-1.0,-1.0,-1.0,-1.0,28
2024-03-18 20:10:00,-1.0,-1.0,-1.0,-1.0,-1.0,-1.0,-1.0,-1.0,-1.0,-1.0,-1.0,-1.0,-1.0,-1.0,-1.0,-1.0,-1.0,-1.0,-1.0,-1.0,-1.0,-1.0,-1.0,-1.0,-1.0,-1.0,28
2024-03-18 20:15:00,-1.0,-1.0,-1.0,-1.0,-1.0,-1.0,-1.0,-1.0,-1.0,-1.0,-1.0,-1.0,-1.0,-1.0,-1.0,-1.0,-1.0,-1.0,-1.0,-1.0,-1.0,-1.0,-1.0,-1.0,-1.0,-1.0,28
2024-03-18 20:20:00,-1.0,-1.0,-1.0,-1.0,-1.0,-1.0,-1.0,-1.0,-1.0,-1.0,-1.0,-1.0,-1.0,-1.0,-1.0,-1.0,-1.0,-1.0,-1.0,-1.0,-1.0,-1.0,-1.0,-1.0,-1.0,-1.0,28
2024-03-18 20:25:00,-1.0,-1.0,-1.0,-1.0,-1.0,-1.0,-1.0,-1.0,-1.0,-1.0,-1.0,-1.0,-1.0,-1.0,-1.0,-1.0,-1.0,-1.0,-1.0,-1.0,-1.0,-1.0,-1.0,-1.0,-1.0,-1.0,28
2024-03-18 20:30:00,-1.0,-1.0,-1.0,-1.0,-1.0,-1.0,-1.0,-1.0,-1.0,-1.0,-1.0,-1.0,-1.0,-1.0,-1.0,-1.0,-1.0,-1.0,-1.0,-1.0,-1.0,-1.0,-1.0,-1.0,-1.0,-1.0,28
2024-03-18 20:35:00,-1.0,-1.0,-1.0,-1.0,-1.0,-1.0,-1.0,-1.0,-1.0,-1.0,-1.0,-1.0,-1.0,-1.0,-1.0,-1.0,-1.0,-1.0,-1.0,-1.0,-1.0,-1.0,-1.0,-1.0,-1.0,-1.0,28
2024-03-18 20:40:00,-1.0,-1.0,-1.0,-1.0,-1.0,-1.0,-1.0,-1.0,-1.0,-1.0,-1.0,-1.0,-1.0,-1.0,-1.0,-1.0,-1.0,-1.0,-1.0,-1.0,-1.0,-1.0,-1.0,-1.0,-1.0,-1.0,28
2024-03-18 20:45:00,-1.0,-1.0,-1.0,-1.0,-1.0,-1.0,-1.0,-1.0,-1.0,-1.0,-1.0,-1.0,-1.0,-1.0,-1.0,-1.0,-1.0,-1.0,-1.0,-1.0,-1.0,-1.0,-1.0,-1.0,-1.0,-1.0,28
2024-03-18 20:50:00,-1.0,-1.0,-1.0,-1.0,-1.0,-1.0,-1.0,-1.0,-1.0,-1.0,-1.0,-1.0,-1.0,-1.0,-1.0,-1.0,-1.0,-1.0,-1.0,-1.0,-1.0,-1.0,-1.0,-1.0,-1.0,-1.0,28
2024-03-18 20:55:00,-1.0,-1.0,-1.0,-1.0,-1.0,-1.0,-1.0,-1.0,-1.0,-1.0,-1.0,-1.0,-1.0,-1.0,-1.0,-1.0,-1.0,-1.0,-1.0,-1.0,-1.0,-1.0,-1.0,-1.0,-1.0,-1.0,28
2024-03-18 21:00:00,-1.0,-1.0,-1.0,-1.0,-1.0,-1.0,-1.0,-1.0,-1.0,-1.0,-1.0,-1.0,-1.0,-1.0,-1.0,-1.0,-1.0,-1.0,-1.0,-1.0,-1.0,-1.0,-1.0,-1.0,-1.0,-1.0,28
2024-03-18 21:05:00,-1.0,-1.0,-1.0,-1.0,-1.0,-1.0,-1.0,-1.0,-1.0,-1.0,-1.0,-1.0,-1.0,-1.0,-1.0,-1.0,-1.0,-1.0,-1.0,-1.0,-1.0,-1.0,-1.0,-1.0,-1.0,-1.0,28
2024-03-18 21:10:00,-1.0,-1.0,-1.0,-1.0,-1.0,-1.0,-1.0,-1.0,-1.0,-1.0,-1.0,-1.0,-1.0,-1.0,-1.0,-1.0,-1.0,-1.0,-1.0,-1.0,-1.0,-1.0,-1.0,-1.0,-1.0,-1.0,28
2024-03-18 21:15:00,-1.0,-1.0,-1.0,-1.0,-1.0,-1.0,-1.0,-1.0,-1.0,-1.0,-1.0,-1.0,-1.0,-1.0,-1.0,-1.0,-1.0,-1.0,-1.0,-1.0,-1.0,-1.0,-1.0,-1.0,-1.0,-1.0,28
2024-03-18 21:20:00,-1.0,-1.0,-1.0,-1.0,-1.0,-1.0,-1.0,-1.0,-1.0,-1.0,-1.0,-1.0,-1.0,-1.0,-1.0,-1.0,-1.0,-1.0,-1.0,-1.0,-1.0,-1.0,-1.0,-1.0,-1.0,-1.0,28
2024-03-18 21:25:00,-1.0,-1.0,-1.0,-1.0,-1.0,-1.0,-1.0,-1.0,-1.0,-1.0,-1.0,-1.0,-1.0,-1.0,-1.0,-1.0,-1.0,-1.0,-1.0,-1.0,-1.0,-1.0,-1.0,-1.0,-1.0,-1.0,28
2024-03-18 21:30:00,-1.0,-1.0,-1.0,-1.0,-1.0,-1.0,-1.0,-1.0,-1.0,-1.0,-1.0,-1.0,-1.0,-1.0,-1.0,-1.0,-1.0,-1.0,-1.0,-1.0,-1.0,-1.0,-1.0,-1.0,-1.0,-1.0,28
2024-03-18 21:35:00,-1.0,-1.0,-1.0,-1.0,-1.0,-1.0,-1.0,-1.0,-1.0,-1.0,-1.0,-1.0,-1.0,-1.0,-1.0,-1.0,-1.0,-1.0,-1.0,-1.0,-1.0,-1.0,-1.0,-1.0,-1.0,-1.0,28
2024-03-18 21:40:00,-1.0,-1.0,-1.0,-1.0,-1.0,-1.0,-1.0,-1.0,-1.0,-1.0,-1.0,-1.0,-1.0,-1.0,-1.0,-1.0,-1.0,-1.0,-1.0,-1.0,-1.0,-1.0,-1.0,-1.0,-1.0,-1.0,28
2024-03-18 21:45:00,-1.0,-1.0,-1.0,-1.0,-1.0,-1.0,-1.0,-1.0,-1.0,-1.0,-1.0,-1.0,-1.0,-1.0,-1.0,-1.0,-1.0,-1.0,-1.0,-1.0,-1.0,-1.0,-1.0,-1.0,-1.0,-1.0,28
2024-03-18 21:50:00,-1.0,-1.0,-1.0,-1.0,-1.0,-1.0,-1.0,-1.0,-1.0,-1.0,-1.0,-1.0,-1.0,-1.0,-1.0,-1.0,-1.0,-1.0,-1.0,-1.0,-1.0,-1.0,-1.0,-1.0,-1.0,-1.0,28
2024-03-18 21:55:00,-1.0,-1.0,-1.0,-1.0,-1.0,-1.0,-1.0,-1.0,-1.0,-1.0,-1.0,-1.0,-1.0,-1.0,-1.0,-1.0,-1.0,-1.0,-1.0,-1.0,-1.0,-1.0,-1.0,-1.0,-1.0,-1.0,28
2024-03-18 22:00:00,-1.0,-1.0,-1.0,-1.0,-1.0,-1.0,-1.0,-1.0,-1.0,-1.0,-1.0,-1.0,-1.0,-1.0,-1.0,-1.0,-1.0,-1.0,-1.0,-1.0,-1.0,-1.0,-1.0,-1.0,-1.0,-1.0,28
2024-03-18 22:05:00,-1.0,-1.0,-1.0,-1.0,-1.0,-1.0,-1.0,-1.0,-1.0,-1.0,-1.0,-1.0,-1.0,-1.0,-1.0,-1.0,-1.0,-1.0,-1.0,-1.0,-1.0,-1.0,-1.0,-1.0,-1.0,-1.0,28
2024-03-18 22:10:00,-1.0,-1.0,-1.0,-1.0,-1.0,-1.0,-1.0,-1.0,-1.0,-1.0,-1.0,-1.0,-1.0,-1.0,-1.0,-1.0,-1.0,-1.0,-1.0,-1.0,-1.0,-1.0,-1.0,-1.0,-1.0,-1.0,28
2024-03-18 22:15:00,-1.0,-1.0,-1.0,-1.0,-1.0,-1.0,-1.0,-1.0,-1.0,-1.0,-1.0,-1.0,-1.0,-1.0,-1.0,-1.0,-1.0,-1.0,-1.0,-1.0,-1.0,-1.0,-1.0,-1.0,-1.0,-1.0,28
2024-03-18 22:20:00,-1.0,-1.0,-1.0,-1.0,-1.0,-1.0,-1.0,-1.0,-1.0,-1.0,-1.0,-1.0,-1.0,-1.0,-1.0,-1.0,-1.0,-1.0,-1.0,-1.0,-1.0,-1.0,-1.0,-1.0,-1.0,-1.0,28
2024-03-18 22:25:00,-1.0,-1.0,-1.0,-1.0,-1.0,-1.0,-1.0,-1.0,-1.0,-1.0,-1.0,-1.0,-1.0,-1.0,-1.0,-1.0,-1.0,-1.0,-1.0,-1.0,-1.0,-1.0,-1.0,-1.0,-1.0,-1.0,28
2024-03-18 22:30:00,-1.0,-1.0,-1.0,-1.0,-1.0,-1.0,-1.0,-1.0,-1.0,-1.0,-1.0,-1.0,-1.0,-1.0,-1.0,-1.0,-1.0,-1.0,-1.0,-1.0,-1.0,-1.0,-1.0,-1.0,-1.0,-1.0,28
2024-03-18 22:35:00,-1.0,-1.0,-1.0,-1.0,-1.0,-1.0,-1.0,-1.0,-1.0,-1.0,-1.0,-1.0,-1.0,-1.0,-1.0,-1.0,-1.0,-1.0,-1.0,-1.0,-1.0,-1.0,-1.0,-1.0,-1.0,-1.0,28
2024-03-18 22:40:00,-1.0,-1.0,-1.0,-1.0,-1.0,-1.0,-1.0,-1.0,-1.0,-1.0,-1.0,-1.0,-1.0,-1.0,-1.0,-1.0,-1.0,-1.0,-1.0,-1.0,-1.0,-1.0,-1.0,-1.0,-1.0,-1.0,28
2024-03-18 22:45:00,-1.0,-1.0,-1.0,-1.0,-1.0,-1.0,-1.0,-1.0,-1.0,-1.0,-1.0,-1.0,-1.0,-1.0,-1.0,-1.0,-1.0,-1.0,-1.0,-1.0,-1.0,-1.0,-1.0,-1.0,-1.0,-1.0,28
2024-03-18 22:50:00,-1.0,-1.0,-1.0,-1.0,-1.0,-1.0,-1.0,-1.0,-1.0,-1.0,-1.0,-1.0,-1.0,-1.0,-1.0,-1.0,-1.0,-1.0,-1.0,-1.0,-1.0,-1.0,-1.0,-1.0,-1.0,-1.0,28
2024-03-18 22:55:00,-1.0,-1.0,-1.0,-1.0,-1.0,-1.0,-1.0,-1.0,-1.0,-1.0,-1.0,-1.0,-1.0,-1.0,-1.0,-1.0,-1.0,-1.0,-1.0,-1.0,-1.0,-1.0,-1.0,-1.0,-1.0,-1.0,28
2024-03-18 23:00:00,-1.0,-1.0,-1.0,-1.0,-1.0,-1.0,-1.0,-1.0,-1.0,-1.0,-1.0,-1.0,-1.0,-1.0,-1.0,-1.0,-1.0,-1.0,-1.0,-1.0,-1.0,-1.0,-1.0,-1.0,-1.0,-1.0,28
2024-03-18 23:05:00,-1.0,-1.0,-1.0,-1.0,-1.0,-1.0,-1.0,-1.0,-1.0,-1.0,-1.0,-1.0,-1.0,-1.0,-1.0,-1.0,-1.0,-1.0,-1.0,-1.0,-1.0,-1.0,-1.0,-1.0,-1.0,-1.0,28
2024-03-18 23:10:00,-1.0,-1.0,-1.0,-1.0,-1.0,-1.0,-1.0,-1.0,-1.0,-1.0,-1.0,-1.0,-1.0,-1.0,-1.0,-1.0,-1.0,-1.0,-1.0,-1.0,-1.0,-1.0,-1.0,-1.0,-1.0,-1.0,28
2024-03-18 23:15:00,-1.0,-1.0,-1.0,-1.0,-1.0,-1.0,-1.0,-1.0,-1.0,-1.0,-1.0,-1.0,-1.0,-1.0,-1.0,-1.0,-1.0,-1.0,-1.0,-1.0,-1.0,-1.0,-1.0,-1.0,-1.0,-1.0,28
2024-03-18 23:20:00,-1.0,-1.0,-1.0,-1.0,-1.0,-1.0,-1.0,-1.0,-1.0,-1.0,-1.0,-1.0,-1.0,-1.0,-1.0,-1.0,-1.0,-1.0,-1.0,-1.0,-1.0,-1.0,-1.0,-1.0,-1.0,-1.0,28
2024-03-18 23:25:00,-1.0,-1.0,-1.0,-1.0,-1.0,-1.0,-1.0,-1.0,-1.0,-1.0,-1.0,-1.0,-1.0,-1.0,-1.0,-1.0,-1.0,-1.0,-1.0,-1.0,-1.0,-1.0,-1.0,-1.0,-1.0,-1.0,28
2024-03-18 23:30:00,-1.0,-1.0,-1.0,-1.0,-1.0,-1.0,-1.0,-1.0,-1.0,-1.0,-1.0,-1.0,-1.0,-1.0,-1.0,-1.0,-1.0,-1.0,-1.0,-1.0,-1.0,-1.0,-1.0,-1.0,-1.0,-1.0,28
2024-03-18 23:35:00,-1.0,-1.0,-1.0,-1.0,-1.0,-1.0,-1.0,-1.0,-1.0,-1.0,-1.0,-1.0,-1.0,-1.0,-1.0,-1.0,-1.0,-1.0,-1.0,-1.0,-1.0,-1.0,-1.0,-1.0,-1.0,-1.0,28
2024-03-18 23:40:00,-1.0,-1.0,-1.0,-1.0,-1.0,-1.0,-1.0,-1.0,-1.0,-1.0,-1.0,-1.0,-1.0,-1.0,-1.0,-1.0,-1.0,-1.0,-1.0,-1.0,-1.0,-1.0,-1.0,-1.0,-1.0,-1.0,28
2024-03-18 23:45:00,-1.0,-1.0,-1.0,-1.0,-1.0,-1.0,-1.0,-1.0,-1.0,-1.0,-1.0,-1.0,-1.0,-1.0,-1.0,-1.0,-1.0,-1.0,-1.0,-1.0,-1.0,-1.0,-1.0,-1.0,-1.0,-1.0,28
2024-03-18 23:50:00,-1.0,-1.0,-1.0,-1.0,-1.0,-1.0,-1.0,-1.0,-1.0,-1.0,-1.0,-1.0,-1.0,-1.0,-1.0,-1.0,-1.0,-1.0,-1.0,-1.0,-1.0,-1.0,-1.0,-1.0,-1.0,-1.0,28
2024-03-18 23:55:00,-1.0,-1.0,-1.0,-1.0,-1.0,-1.0,-1.0,-1.0,-1.0,-1.0,-1.0,-1.0,-1.0,-1.0,-1.0,-1.0,-1.0,-1.0,-1.0,-1.0,-1.0,-1.0,-1.0,-1.0,-1.0,-1.0,28
2024-03-18 00:00:00,-1.0,-1.0,-1.0,-1.0,-1.0,-1.0,-1.0,-1.0,-1.0,-1.0,-1.0,-1.0,-1.0,-1.0,-1.0,-1.0,-1.0,-1.0,-1.0,-1.0,-1.0,-1.0,-1.0,-1.0,-1.0,-1.0,29
2024-03-18 00:05:00,-1.0,-1.0,-1.0,-1.0,-1.0,-1.0,-1.0,-1.0,-1.0,-1.0,-1.0,-1.0,-1.0,-1.0,-1.0,-1.0,-1.0,-1.0,-1.0,-1.0,-1.0,-1.0,-1.0,-1.0,-1.0,-1.0,29
2024-03-18 00:10:00,-1.0,-1.0,-1.0,-1.0,-1.0,-1.0,-1.0,-1.0,-1.0,-1.0,-1.0,-1.0,-1.0,-1.0,-1.0,-1.0,-1.0,-1.0,-1.0,-1.0,-1.0,-1.0,-1.0,-1.0,-1.0,-1.0,29
2024-03-18 00:15:00,-1.0,-1.0,-1.0,-1.0,-1.0,-1.0,-1.0,-1.0,-1.0,-1.0,-1.0,-1.0,-1.0,-1.0,-1.0,-1.0,-1.0,-1.0,-1.0,-1.0,-1.0,-1.0,-1.0,-1.0,-1.0,-1.0,29
2024-03-18 00:20:00,-1.0,-1.0,-1.0,-1.0,-1.0,-1.0,-1.0,-1.0,-1.0,-1.0,-1.0,-1.0,-1.0,-1.0,-1.0,-1.0,-1.0,-1.0,-1.0,-1.0,-1.0,-1.0,-1.0,-1.0,-1.0,-1.0,29
2024-03-18 00:25:00,-1.0,-1.0,-1.0,-1.0,-1.0,-1.0,-1.0,-1.0,-1.0,-1.0,-1.0,-1.0,-1.0,-1.0,-1.0,-1.0,-1.0,-1.0,-1.0,-1.0,-1.0,-1.0,-1.0,-1.0,-1.0,-1.0,29
2024-03-18 00:30:00,-1.0,-1.0,-1.0,-1.0,-1.0,-1.0,-1.0,-1.0,-1.0,-1.0,-1.0,-1.0,-1.0,-1.0,-1.0,-1.0,-1.0,-1.0,-1.0,-1.0,-1.0,-1.0,-1.0,-1.0,-1.0,-1.0,29
2024-03-18 00:35:00,-1.0,-1.0,-1.0,-1.0,-1.0,-1.0,-1.0,-1.0,-1.0,-1.0,-1.0,-1.0,-1.0,-1.0,-1.0,-1.0,-1.0,-1.0,-1.0,-1.0,-1.0,-1.0,-1.0,-1.0,-1.0,-1.0,29
2024-03-18 00:40:00,-1.0,-1.0,-1.0,-1.0,-1.0,-1.0,-1.0,-1.0,-1.0,-1.0,-1.0,-1.0,-1.0,-1.0,-1.0,-1.0,-1.0,-1.0,-1.0,-1.0,-1.0,-1.0,-1.0,-1.0,-1.0,-1.0,29
2024-03-18 00:45:00,-1.0,-1.0,-1.0,-1.0,-1.0,-1.0,-1.0,-1.0,-1.0,-1.0,-1.0,-1.0,-1.0,-1.0,-1.0,-1.0,-1.0,-1.0,-1.0,-1.0,-1.0,-1.0,-1.0,-1.0,-1.0,-1.0,29
2024-03-18 00:50:00,-1.0,-1.0,-1.0,-1.0,-1.0,-1.0,-1.0,-1.0,-1.0,-1.0,-1.0,-1.0,-1.0,-1.0,-1.0,-1.0,-1.0,-1.0,-1.0,-1.0,-1.0,-1.0,-1.0,-1.0,-1.0,-1.0,29
2024-03-18 00:55:00,-1.0,-1.0,-1.0,-1.0,-1.0,-1.0,-1.0,-1.0,-1.0,-1.0,-1.0,-1.0,-1.0,-1.0,-1.0,-1.0,-1.0,-1.0,-1.0,-1.0,-1.0,-1.0,-1.0,-1.0,-1.0,-1.0,29
2024-03-18 01:00:00,-1.0,-1.0,-1.0,-1.0,-1.0,-1.0,-1.0,-1.0,-1.0,-1.0,-1.0,-1.0,-1.0,-1.0,-1.0,-1.0,-1.0,-1.0,-1.0,-1.0,-1.0,-1.0,-1.0,-1.0,-1.0,-1.0,29
2024-03-18 01:05:00,-1.0,-1.0,-1.0,-1.0,-1.0,-1.0,-1.0,-1.0,-1.0,-1.0,-1.0,-1.0,-1.0,-1.0,-1.0,-1.0,-1.0,-1.0,-1.0,-1.0,-1.0,-1.0,-1.0,-1.0,-1.0,-1.0,29
2024-03-18 01:10:00,-1.0,-1.0,-1.0,-1.0,-1.0,-1.0,-1.0,-1.0,-1.0,-1.0,-1.0,-1.0,-1.0,-1.0,-1.0,-1.0,-1.0,-1.0,-1.0,-1.0,-1.0,-1.0,-1.0,-1.0,-1.0,-1.0,29
2024-03-18 01:15:00,-1.0,-1.0,-1.0,-1.0,-1.0,-1.0,-1.0,-1.0,-1.0,-1.0,-1.0,-1.0,-1.0,-1.0,-1.0,-1.0,-1.0,-1.0,-1.0,-1.0,-1.0,-1.0,-1.0,-1.0,-1.0,-1.0,29
2024-03-18 01:20:00,-1.0,-1.0,-1.0,-1.0,-1.0,-1.0,-1.0,-1.0,-1.0,-1.0,-1.0,-1.0,-1.0,-1.0,-1.0,-1.0,-1.0,-1.0,-1.0,-1.0,-1.0,-1.0,-1.0,-1.0,-1.0,-1.0,29
2024-03-18 01:25:00,-1.0,-1.0,-1.0,-1.0,-1.0,-1.0,-1.0,-1.0,-1.0,-1.0,-1.0,-1.0,-1.0,-1.0,-1.0,-1.0,-1.0,-1.0,-1.0,-1.0,-1.0,-1.0,-1.0,-1.0,-1.0,-1.0,29
2024-03-18 01:30:00,-1.0,-1.0,-1.0,-1.0,-1.0,-1.0,-1.0,-1.0,-1.0,-1.0,-1.0,-1.0,-1.0,-1.0,-1.0,-1.0,-1.0,-1.0,-1.0,-1.0,-1.0,-1.0,-1.0,-1.0,-1.0,-1.0,29
2024-03-18 01:35:00,-1.0,-1.0,-1.0,-1.0,-1.0,-1.0,-1.0,-1.0,-1.0,-1.0,-1.0,-1.0,-1.0,-1.0,-1.0,-1.0,-1.0,-1.0,-1.0,-1.0,-1.0,-1.0,-1.0,-1.0,-1.0,-1.0,29
2024-03-18 01:40:00,-1.0,-1.0,-1.0,-1.0,-1.0,-1.0,-1.0,-1.0,-1.0,-1.0,-1.0,-1.0,-1.0,-1.0,-1.0,-1.0,-1.0,-1.0,-1.0,-1.0,-1.0,-1.0,-1.0,-1.0,-1.0,-1.0,29
2024-03-18 01:45:00,-1.0,-1.0,-1.0,-1.0,-1.0,-1.0,-1.0,-1.0,-1.0,-1.0,-1.0,-1.0,-1.0,-1.0,-1.0,-1.0,-1.0,-1.0,-1.0,-1.0,-1.0,-1.0,-1.0,-1.0,-1.0,-1.0,29
2024-03-18 01:50:00,-1.0,-1.0,-1.0,-1.0,-1.0,-1.0,-1.0,-1.0,-1.0,-1.0,-1.0,-1.0,-1.0,-1.0,-1.0,-1.0,-1.0,-1.0,-1.0,-1.0,-1.0,-1.0,-1.0,-1.0,-1.0,-1.0,29
2024-03-18 01:55:00,-1.0,-1.0,-1.0,-1.0,-1.0,-1.0,-1.0,-1.0,-1.0,-1.0,-1.0,-1.0,-1.0,-1.0,-1.0,-1.0,-1.0,-1.0,-1.0,-1.0,-1.0,-1.0,-1.0,-1.0,-1.0,-1.0,29
2024-03-18 02:00:00,-1.0,-1.0,-1.0,-1.0,-1.0,-1.0,-1.0,-1.0,-1.0,-1.0,-1.0,-1.0,-1.0,-1.0,-1.0,-1.0,-1.0,-1.0,-1.0,-1.0,-1.0,-1.0,-1.0,-1.0,-1.0,-1.0,29
2024-03-18 02:05:00,-1.0,-1.0,-1.0,-1.0,-1.0,-1.0,-1.0,-1.0,-1.0,-1.0,-1.0,-1.0,-1.0,-1.0,-1.0,-1.0,-1.0,-1.0,-1.0,-1.0,-1.0,-1.0,-1.0,-1.0,-1.0,-1.0,29
2024-03-18 02:10:00,-1.0,-1.0,-1.0,-1.0,-1.0,-1.0,-1.0,-1.0,-1.0,-1.0,-1.0,-1.0,-1.0,-1.0,-1.0,-1.0,-1.0,-1.0,-1.0,-1.0,-1.0,-1.0,-1.0,-1.0,-1.0,-1.0,29
2024-03-18 02:15:00,-1.0,-1.0,-1.0,-1.0,-1.0,-1.0,-1.0,-1.0,-1.0,-1.0,-1.0,-1.0,-1.0,-1.0,-1.0,-1.0,-1.0,-1.0,-1.0,-1.0,-1.0,-1.0,-1.0,-1.0,-1.0,-1.0,29
2024-03-18 02:20:00,-1.0,-1.0,-1.0,-1.0,-1.0,-1.0,-1.0,-1.0,-1.0,-1.0,-1.0,-1.0,-1.0,-1.0,-1.0,-1.0,-1.0,-1.0,-1.0,-1.0,-1.0,-1.0,-1.0,-1.0,-1.0,-1.0,29
2024-03-18 02:25:00,-1.0,-1.0,-1.0,-1.0,-1.0,-1.0,-1.0,-1.0,-1.0,-1.0,-1.0,-1.0,-1.0,-1.0,-1.0,-1.0,-1.0,-1.0,-1.0,-1.0,-1.0,-1.0,-1.0,-1.0,-1.0,-1.0,29
2024-03-18 02:30:00,-1.0,-1.0,-1.0,-1.0,-1.0,-1.0,-1.0,-1.0,-1.0,-1.0,-1.0,-1.0,-1.0,-1.0,-1.0,-1.0,-1.0,-1.0,-1.0,-1.0,-1.0,-1.0,-1.0,-1.0,-1.0,-1.0,29
2024-03-18 02:35:00,-1.0,-1.0,-1.0,-1.0,-1.0,-1.0,-1.0,-1.0,-1.0,-1.0,-1.0,-1.0,-1.0,-1.0,-1.0,-1.0,-1.0,-1.0,-1.0,-1.0,-1.0,-1.0,-1.0,-1.0,-1.0,-1.0,29
2024-03-18 02:40:00,-1.0,-1.0,-1.0,-1.0,-1.0,-1.0,-1.0,-1.0,-1.0,-1.0,-1.0,-1.0,-1.0,-1.0,-1.0,-1.0,-1.0,-1.0,-1.0,-1.0,-1.0,-1.0,-1.0,-1.0,-1.0,-1.0,29
2024-03-18 02:45:00,-1.0,-1.0,-1.0,-1.0,-1.0,-1.0,-1.0,-1.0,-1.0,-1.0,-1.0,-1.0,-1.0,-1.0,-1.0,-1.0,-1.0,-1.0,-1.0,-1.0,-1.0,-1.0,-1.0,-1.0,-1.0,-1.0,29
2024-03-18 02:50:00,-1.0,-1.0,-1.0,-1.0,-1.0,-1.0,-1.0,-1.0,-1.0,-1.0,-1.0,-1.0,-1.0,-1.0,-1.0,-1.0,-1.0,-1.0,-1.0,-1.0,-1.0,-1.0,-1.0,-1.0,-1.0,-1.0,29
2024-03-18 02:55:00,-1.0,-1.0,-1.0,-1.0,-1.0,-1.0,-1.0,-1.0,-1.0,-1.0,-1.0,-1.0,-1.0,-1.0,-1.0,-1.0,-1.0,-1.0,-1.0,-1.0,-1.0,-1.0,-1.0,-1.0,-1.0,-1.0,29
2024-03-18 03:00:00,-1.0,-1.0,-1.0,-1.0,-1.0,-1.0,-1.0,-1.0,-1.0,-1.0,-1.0,-1.0,-1.0,-1.0,-1.0,-1.0,-1.0,-1.0,-1.0,-1.0,-1.0,-1.0,-1.0,-1.0,-1.0,-1.0,29
2024-03-18 03:05:00,-1.0,-1.0,-1.0,-1.0,-1.0,-1.0,-1.0,-1.0,-1.0,-1.0,-1.0,-1.0,-1.0,-1.0,-1.0,-1.0,-1.0,-1.0,-1.0,-1.0,-1.0,-1.0,-1.0,-1.0,-1.0,-1.0,29
2024-03-18 03:10:00,-1.0,-1.0,-1.0,-1.0,-1.0,-1.0,-1.0,-1.0,-1.0,-1.0,-1.0,-1.0,-1.0,-1.0,-1.0,-1.0,-1.0,-1.0,-1.0,-1.0,-1.0,-1.0,-1.0,-1.0,-1.0,-1.0,29
2024-03-18 03:15:00,-1.0,-1.0,-1.0,-1.0,-1.0,-1.0,-1.0,-1.0,-1.0,-1.0,-1.0,-1.0,-1.0,-1.0,-1.0,-1.0,-1.0,-1.0,-1.0,-1.0,-1.0,-1.0,-1.0,-1.0,-1.0,-1.0,29
2024-03-18 03:20:00,-1.0,-1.0,-1.0,-1.0,-1.0,-1.0,-1.0,-1.0,-1.0,-1.0,-1.0,-1.0,-1.0,-1.0,-1.0,-1.0,-1.0,-1.0,-1.0,-1.0,-1.0,-1.0,-1.0,-1.0,-1.0,-1.0,29
2024-03-18 03:25:00,-1.0,-1.0,-1.0,-1.0,-1.0,-1.0,-1.0,-1.0,-1.0,-1.0,-1.0,-1.0,-1.0,-1.0,-1.0,-1.0,-1.0,-1.0,-1.0,-1.0,-1.0,-1.0,-1.0,-1.0,-1.0,-1.0,29
2024-03-18 03:30:00,-1.0,-1.0,-1.0,-1.0,-1.0,-1.0,-1.0,-1.0,-1.0,-1.0,-1.0,-1.0,-1.0,-1.0,-1.0,-1.0,-1.0,-1.0,-1.0,-1.0,-1.0,-1.0,-1.0,-1.0,-1.0,-1.0,29
2024-03-18 03:35:00,-1.0,-1.0,-1.0,-1.0,-1.0,-1.0,-1.0,-1.0,-1.0,-1.0,-1.0,-1.0,-1.0,-1.0,-1.0,-1.0,-1.0,-1.0,-1.0,-1.0,-1.0,-1.0,-1.0,-1.0,-1.0,-1.0,29
2024-03-18 03:40:00,-1.0,-1.0,-1.0,-1.0,-1.0,-1.0,-1.0,-1.0,-1.0,-1.0,-1.0,-1.0,-1.0,-1.0,-1.0,-1.0,-1.0,-1.0,-1.0,-1.0,-1.0,-1.0,-1.0,-1.0,-1.0,-1.0,29
2024-03-18 03:45:00,-1.0,-1.0,-1.0,-1.0,-1.0,-1.0,-1.0,-1.0,-1.0,-1.0,-1.0,-1.0,-1.0,-1.0,-1.0,-1.0,-1.0,-1.0,-1.0,-1.0,-1.0,-1.0,-1.0,-1.0,-1.0,-1.0,29
2024-03-18 03:50:00,-1.0,-1.0,-1.0,-1.0,-1.0,-1.0,-1.0,-1.0,-1.0,-1.0,-1.0,-1.0,-1.0,-1.0,-1.0,-1.0,-1.0,-1.0,-1.0,-1.0,-1.0,-1.0,-1.0,-1.0,-1.0,-1.0,29
2024-03-18 03:55:00,-1.0,-1.0,-1.0,-1.0,-1.0,-1.0,-1.0,-1.0,-1.0,-1.0,-1.0,-1.0,-1.0,-1.0,-1.0,-1.0,-1.0,-1.0,-1.0,-1.0,-1.0,-1.0,-1.0,-1.0,-1.0,-1.0,29
2024-03-18 04:00:00,-1.0,-1.0,-1.0,-1.0,-1.0,-1.0,-1.0,-1.0,-1.0,-1.0,-1.0,-1.0,-1.0,-1.0,-1.0,-1.0,-1.0,-1.0,-1.0,-1.0,-1.0,-1.0,-1.0,-1.0,-1.0,-1.0,29
2024-03-18 04:05:00,-1.0,-1.0,-1.0,-1.0,-1.0,-1.0,-1.0,-1.0,-1.0,-1.0,-1.0,-1.0,-1.0,-1.0,-1.0,-1.0,-1.0,-1.0,-1.0,-1.0,-1.0,-1.0,-1.0,-1.0,-1.0,-1.0,29
2024-03-18 04:10:00,-1.0,-1.0,-1.0,-1.0,-1.0,-1.0,-1.0,-1.0,-1.0,-1.0,-1.0,-1.0,-1.0,-1.0,-1.0,-1.0,-1.0,-1.0,-1.0,-1.0,-1.0,-1.0,-1.0,-1.0,-1.0,-1.0,29
2024-03-18 04:15:00,-1.0,-1.0,-1.0,-1.0,-1.0,-1.0,-1.0,-1.0,-1.0,-1.0,-1.0,-1.0,-1.0,-1.0,-1.0,-1.0,-1.0,-1.0,-1.0,-1.0,-1.0,-1.0,-1.0,-1.0,-1.0,-1.0,29
2024-03-18 04:20:00,-1.0,-1.0,-1.0,-1.0,-1.0,-1.0,-1.0,-1.0,-1.0,-1.0,-1.0,-1.0,-1.0,-1.0,-1.0,-1.0,-1.0,-1.0,-1.0,-1.0,-1.0,-1.0,-1.0,-1.0,-1.0,-1.0,29
2024-03-18 04:25:00,-1.0,-1.0,-1.0,-1.0,-1.0,-1.0,-1.0,-1.0,-1.0,-1.0,-1.0,-1.0,-1.0,-1.0,-1.0,-1.0,-1.0,-1.0,-1.0,-1.0,-1.0,-1.0,-1.0,-1.0,-1.0,-1.0,29
2024-03-18 04:30:00,-1.0,-1.0,-1.0,-1.0,-1.0,-1.0,-1.0,-1.0,-1.0,-1.0,-1.0,-1.0,-1.0,-1.0,-1.0,-1.0,-1.0,-1.0,-1.0,-1.0,-1.0,-1.0,-1.0,-1.0,-1.0,-1.0,29
2024-03-18 04:35:00,-1.0,-1.0,-1.0,-1.0,-1.0,-1.0,-1.0,-1.0,-1.0,-1.0,-1.0,-1.0,-1.0,-1.0,-1.0,-1.0,-1.0,-1.0,-1.0,-1.0,-1.0,-1.0,-1.0,-1.0,-1.0,-1.0,29
2024-03-18 04:40:00,-1.0,-1.0,-1.0,-1.0,-1.0,-1.0,-1.0,-1.0,-1.0,-1.0,-1.0,-1.0,-1.0,-1.0,-1.0,-1.0,-1.0,-1.0,-1.0,-1.0,-1.0,-1.0,-1.0,-1.0,-1.0,-1.0,29
2024-03-18 04:45:00,-1.0,-1.0,-1.0,-1.0,-1.0,-1.0,-1.0,-1.0,-1.0,-1.0,-1.0,-1.0,-1.0,-1.0,-1.0,-1.0,-1.0,-1.0,-1.0,-1.0,-1.0,-1.0,-1.0,-1.0,-1.0,-1.0,29
2024-03-18 04:50:00,-1.0,-1.0,-1.0,-1.0,-1.0,-1.0,-1.0,-1.0,-1.0,-1.0,-1.0,-1.0,-1.0,-1.0,-1.0,-1.0,-1.0,-1.0,-1.0,-1.0,-1.0,-1.0,-1.0,-1.0,-1.0,-1.0,29
2024-03-18 04:55:00,-1.0,-1.0,-1.0,-1.0,-1.0,-1.0,-1.0,-1.0,-1.0,-1.0,-1.0,-1.0,-1.0,-1.0,-1.0,-1.0,-1.0,-1.0,-1.0,-1.0,-1.0,-1.0,-1.0,-1.0,-1.0,-1.0,29
2024-03-18 05:00:00,-1.0,-1.0,-1.0,-1.0,-1.0,-1.0,-1.0,-1.0,-1.0,-1.0,-1.0,-1.0,-1.0,-1.0,-1.0,-1.0,-1.0,-1.0,-1.0,-1.0,-1.0,-1.0,-1.0,-1.0,-1.0,-1.0,29
2024-03-18 05:05:00,-1.0,-1.0,-1.0,-1.0,-1.0,-1.0,-1.0,-1.0,-1.0,-1.0,-1.0,-1.0,-1.0,-1.0,-1.0,-1.0,-1.0,-1.0,-1.0,-1.0,-1.0,-1.0,-1.0,-1.0,-1.0,-1.0,29
2024-03-18 05:10:00,-1.0,-1.0,-1.0,-1.0,-1.0,-1.0,-1.0,-1.0,-1.0,-1.0,-1.0,-1.0,-1.0,-1.0,-1.0,-1.0,-1.0,-1.0,-1.0,-1.0,-1.0,-1.0,-1.0,-1.0,-1.0,-1.0,29
2024-03-18 05:15:00,-1.0,-1.0,-1.0,-1.0,-1.0,-1.0,-1.0,-1.0,-1.0,-1.0,-1.0,-1.0,-1.0,-1.0,-1.0,-1.0,-1.0,-1.0,-1.0,-1.0,-1.0,-1.0,-1.0,-1.0,-1.0,-1.0,29
2024-03-18 05:20:00,-1.0,-1.0,-1.0,-1.0,-1.0,-1.0,-1.0,-1.0,-1.0,-1.0,-1.0,-1.0,-1.0,-1.0,-1.0,-1.0,-1.0,-1.0,-1.0,-1.0,-1.0,-1.0,-1.0,-1.0,-1.0,-1.0,29
2024-03-18 05:25:00,-1.0,-1.0,-1.0,-1.0,-1.0,-1.0,-1.0,-1.0,-1.0,-1.0,-1.0,-1.0,-1.0,-1.0,-1.0,-1.0,-1.0,-1.0,-1.0,-1.0,-1.0,-1.0,-1.0,-1.0,-1.0,-1.0,29
2024-03-18 05:30:00,-1.0,-1.0,-1.0,-1.0,-1.0,-1.0,-1.0,-1.0,-1.0,-1.0,-1.0,-1.0,-1.0,-1.0,-1.0,-1.0,-1.0,-1.0,-1.0,-1.0,-1.0,-1.0,-1.0,-1.0,-1.0,-1.0,29
2024-03-18 05:35:00,-1.0,-1.0,-1.0,-1.0,-1.0,-1.0,-1.0,-1.0,-1.0,-1.0,-1.0,-1.0,-1.0,-1.0,-1.0,-1.0,-1.0,-1.0,-1.0,-1.0,-1.0,-1.0,-1.0,-1.0,-1.0,-1.0,29
2024-03-18 05:40:00,-1.0,-1.0,-1.0,-1.0,-1.0,-1.0,-1.0,-1.0,-1.0,-1.0,-1.0,-1.0,-1.0,-1.0,-1.0,-1.0,-1.0,-1.0,-1.0,-1.0,-1.0,-1.0,-1.0,-1.0,-1.0,-1.0,29
2024-03-18 05:45:00,-1.0,-1.0,-1.0,-1.0,-1.0,-1.0,-1.0,-1.0,-1.0,-1.0,-1.0,-1.0,-1.0,-1.0,-1.0,-1.0,-1.0,-1.0,-1.0,-1.0,-1.0,-1.0,-1.0,-1.0,-1.0,-1.0,29
2024-03-18 05:50:00,-1.0,-1.0,-1.0,-1.0,-1.0,-1.0,-1.0,-1.0,-1.0,-1.0,-1.0,-1.0,-1.0,-1.0,-1.0,-1.0,-1.0,-1.0,-1.0,-1.0,-1.0,-1.0,-1.0,-1.0,-1.0,-1.0,29
2024-03-18 05:55:00,-1.0,-1.0,-1.0,-1.0,-1.0,-1.0,-1.0,-1.0,-1.0,-1.0,-1.0,-1.0,-1.0,-1.0,-1.0,-1.0,-1.0,-1.0,-1.0,-1.0,-1.0,-1.0,-1.0,-1.0,-1.0,-1.0,29
2024-03-18 06:00:00,-1.0,-1.0,-1.0,-1.0,-1.0,-1.0,-1.0,-1.0,-1.0,-1.0,-1.0,-1.0,-1.0,-1.0,-1.0,-1.0,-1.0,-1.0,-1.0,-1.0,-1.0,-1.0,-1.0,-1.0,-1.0,-1.0,29
2024-03-18 06:05:00,-1.0,-1.0,-1.0,-1.0,-1.0,-1.0,-1.0,-1.0,-1.0,-1.0,-1.0,-1.0,-1.0,-1.0,-1.0,-1.0,-1.0,-1.0,-1.0,-1.0,-1.0,-1.0,-1.0,-1.0,-1.0,-1.0,29
2024-03-18 06:10:00,-1.0,-1.0,-1.0,-1.0,-1.0,-1.0,-1.0,-1.0,-1.0,-1.0,-1.0,-1.0,-1.0,-1.0,-1.0,-1.0,-1.0,-1.0,-1.0,-1.0,-1.0,-1.0,-1.0,-1.0,-1.0,-1.0,29
2024-03-18 06:15:00,-1.0,-1.0,-1.0,-1.0,-1.0,-1.0,-1.0,-1.0,-1.0,-1.0,-1.0,-1.0,-1.0,-1.0,-1.0,-1.0,-1.0,-1.0,-1.0,-1.0,-1.0,-1.0,-1.0,-1.0,-1.0,-1.0,29
2024-03-18 06:20:00,-1.0,-1.0,-1.0,-1.0,-1.0,-1.0,-1.0,-1.0,-1.0,-1.0,-1.0,-1.0,-1.0,-1.0,-1.0,-1.0,-1.0,-1.0,-1.0,-1.0,-1.0,-1.0,-1.0,-1.0,-1.0,-1.0,29
2024-03-18 06:25:00,-1.0,-1.0,-1.0,-1.0,-1.0,-1.0,-1.0,-1.0,-1.0,-1.0,-1.0,-1.0,-1.0,-1.0,-1.0,-1.0,-1.0,-1.0,-1.0,-1.0,-1.0,-1.0,-1.0,-1.0,-1.0,-1.0,29
2024-03-18 06:30:00,-1.0,-1.0,-1.0,-1.0,-1.0,-1.0,-1.0,-1.0,-1.0,-1.0,-1.0,-1.0,-1.0,-1.0,-1.0,-1.0,-1.0,-1.0,-1.0,-1.0,-1.0,-1.0,-1.0,-1.0,-1.0,-1.0,29
2024-03-18 06:35:00,-1.0,-1.0,-1.0,-1.0,-1.0,-1.0,-1.0,-1.0,-1.0,-1.0,-1.0,-1.0,-1.0,-1.0,-1.0,-1.0,-1.0,-1.0,-1.0,-1.0,-1.0,-1.0,-1.0,-1.0,-1.0,-1.0,29
2024-03-18 06:40:00,-1.0,-1.0,-1.0,-1.0,-1.0,-1.0,-1.0,-1.0,-1.0,-1.0,-1.0,-1.0,-1.0,-1.0,-1.0,-1.0,-1.0,-1.0,-1.0,-1.0,-1.0,-1.0,-1.0,-1.0,-1.0,-1.0,29
2024-03-18 06:45:00,-1.0,-1.0,-1.0,-1.0,-1.0,-1.0,-1.0,-1.0,-1.0,-1.0,-1.0,-1.0,-1.0,-1.0,-1.0,-1.0,-1.0,-1.0,-1.0,-1.0,-1.0,-1.0,-1.0,-1.0,-1.0,-1.0,29
2024-03-18 06:50:00,-1.0,-1.0,-1.0,-1.0,-1.0,-1.0,-1.0,-1.0,-1.0,-1.0,-1.0,-1.0,-1.0,-1.0,-1.0,-1.0,-1.0,-1.0,-1.0,-1.0,-1.0,-1.0,-1.0,-1.0,-1.0,-1.0,29
2024-03-18 06:55:00,-1.0,-1.0,-1.0,-1.0,-1.0,-1.0,-1.0,-1.0,-1.0,-1.0,-1.0,-1.0,-1.0,-1.0,-1.0,-1.0,-1.0,-1.0,-1.0,-1.0,-1.0,-1.0,-1.0,-1.0,-1.0,-1.0,29
2024-03-18 07:00:00,-1.0,-1.0,-1.0,-1.0,-1.0,-1.0,-1.0,-1.0,-1.0,-1.0,-1.0,-1.0,-1.0,-1.0,-1.0,-1.0,-1.0,-1.0,-1.0,-1.0,-1.0,-1.0,-1.0,-1.0,-1.0,-1.0,29
2024-03-18 07:05:00,-1.0,-1.0,-1.0,-1.0,-1.0,-1.0,-1.0,-1.0,-1.0,-1.0,-1.0,-1.0,-1.0,-1.0,-1.0,-1.0,-1.0,-1.0,-1.0,-1.0,-1.0,-1.0,-1.0,-1.0,-1.0,-1.0,29
2024-03-18 07:10:00,-1.0,-1.0,-1.0,-1.0,-1.0,-1.0,-1.0,-1.0,-1.0,-1.0,-1.0,-1.0,-1.0,-1.0,-1.0,-1.0,-1.0,-1.0,-1.0,-1.0,-1.0,-1.0,-1.0,-1.0,-1.0,-1.0,29
2024-03-18 07:15:00,-1.0,-1.0,-1.0,-1.0,-1.0,-1.0,-1.0,-1.0,-1.0,-1.0,-1.0,-1.0,-1.0,-1.0,-1.0,-1.0,-1.0,-1.0,-1.0,-1.0,-1.0,-1.0,-1.0,-1.0,-1.0,-1.0,29
2024-03-18 07:20:00,-1.0,-1.0,-1.0,-1.0,-1.0,-1.0,-1.0,-1.0,-1.0,-1.0,-1.0,-1.0,-1.0,-1.0,-1.0,-1.0,-1.0,-1.0,-1.0,-1.0,-1.0,-1.0,-1.0,-1.0,-1.0,-1.0,29
2024-03-18 07:25:00,0.0,0.0,0.0,0.0,0.0,0.0,0.0,0.0,0.0,0.0,0.0,0.0,279.032,279.277,279.486,0.0,0.0,0.0,60.02,0.0,0.0,639.693,617.061,0.0,0.0,3000000.0,29
2024-03-18 07:30:00,0.0,0.0,0.0,0.0,0.0,0.0,0.0,0.0,0.0,0.0,0.0,0.0,278.785,278.927,279.269,0.0,0.0,0.0,60.008,0.0,0.0,683.065,682.597,0.0,0.0,3000000.0,29
2024-03-18 07:35:00,35.711,12.133,11.822,11.756,-74.333,-27.433,-23.722,-23.178,83.544,30.478,26.878,26.189,277.971,278.295,278.435,0.111,0.098,0.096,59.997,43.678,38.428,632.274,630.246,0.078,0.07,1495334.833,29
2024-03-18 07:40:00,240.089,81.256,79.433,79.4,-154.133,-57.311,-48.422,-48.4,287.244,100.2,93.411,93.633,278.267,278.539,278.612,0.363,0.339,0.339,59.989,163.361,148.911,620.746,623.226,0.265,0.24,420574.0,29
2024-03-18 07:45:00,244.733,82.756,80.967,81.011,-155.144,-57.033,-48.656,-49.456,290.044,100.567,94.433,95.044,278.393,278.638,279.104,0.364,0.342,0.343,59.994,167.678,148.711,631.732,636.852,0.268,0.236,420574.0,29
2024-03-18 07:50:00,530.544,179.011,174.944,176.589,-150.389,-55.144,-45.922,-49.322,551.778,187.522,180.911,183.344,278.553,278.642,279.202,0.676,0.651,0.659,59.996,296.55,272.889,648.445,654.943,0.459,0.418,420574.0,29
2024-03-18 07:55:00,1172.111,396.678,382.972,392.461,-113.911,-43.6,-31.022,-39.289,1176.7,398.622,384.039,394.039,279.152,279.078,279.62,1.431,1.379,1.412,59.991,603.478,567.75,673.671,689.157,0.893,0.821,420574.0,29
2024-03-18 08:00:00,1561.561,527.583,511.378,522.6,-82.6,-32.489,-21.1,-29.011,1561.639,527.661,511.378,522.6,279.745,279.564,280.076,1.888,1.83,1.868,59.997,797.511,760.422,683.458,701.598,1.17,1.085,420574.0,29
2024-03-18 08:05:00,1282.333,432.278,422.344,427.711,-110.867,-41.389,-32.389,-37.089,1284.367,433.6,422.478,428.289,279.351,279.151,279.803,1.555,1.516,1.533,59.99,653.122,617.611,677.53,684.778,0.966,0.904,420574.0,29
2024-03-18 08:10:00,1507.628,508.606,494.728,504.294,-85.133,-32.956,-22.7,-29.478,1508.361,509.106,494.761,504.494,278.389,278.319,278.833,1.831,1.78,1.812,59.987,778.889,730.383,686.203,693.341,1.136,1.053,420574.0,29
2024-03-18 08:15:00,1739.544,586.667,568.722,584.156,-71.178,-28.244,-16.711,-26.222,1739.611,586.8,568.622,584.189,278.572,278.578,279.236,2.109,2.044,2.094,59.99,897.65,846.133,694.165,700.225,1.293,1.209,420574.0,29
2024-03-18 08:20:00,1394.378,470.239,457.933,466.206,-98.667,-37.356,-27.4,-33.911,1395.722,470.906,458.078,466.739,278.715,278.725,279.335,1.692,1.646,1.673,59.995,722.556,666.167,676.477,691.488,1.069,0.964,420574.0,29
2024-03-18 08:25:00,2866.233,961.083,943.239,961.911,-45.111,-17.711,-10.422,-16.978,2865.944,961.083,942.95,961.911,278.96,278.957,279.441,3.446,3.382,3.443,59.992,1483.133,1422.289,696.885,708.682,2.111,1.985,420574.0,29
2024-03-18 08:30:00,5746.733,1920.2,1896.717,1929.817,-8.022,-3.167,0.0,-4.856,5745.833,1919.978,1896.039,1929.817,279.462,279.559,280.001,6.872,6.784,6.894,59.994,2892.15,2891.633,704.826,727.234,4.117,3.979,420574.0,29
2024-03-18 08:35:00,6188.267,2066.189,2043.167,2078.911,-7.767,-2.867,-0.056,-4.844,6187.4,2066.1,2042.389,2078.911,279.556,279.75,280.247,7.393,7.303,7.42,59.998,3173.4,3090.267,721.95,716.957,4.396,4.314,420574.0,29
2024-03-18 08:40:00,2808.367,940.678,925.072,942.617,-29.0,-11.444,-5.478,-12.078,2808.344,940.678,925.05,942.617,279.118,279.218,279.9,3.371,3.314,3.369,59.999,1457.783,1382.683,692.473,696.973,2.105,1.983,420574.0,29
2024-03-18 08:45:00,5591.267,1868.767,1844.417,1878.083,-9.489,-3.844,-0.056,-5.589,5590.833,1868.744,1844.006,1878.083,279.888,279.815,280.47,6.676,6.59,6.695,59.998,2879.811,2786.756,714.339,717.119,4.024,3.878,420574.0,29
2024-03-18 08:50:00,7879.506,2630.35,2603.978,2645.178,-6.289,-2.111,0.0,-4.178,7878.694,2630.25,2603.267,2645.178,280.388,280.278,280.979,9.382,9.289,9.415,60.0,4060.022,3935.172,720.9,724.834,5.634,5.431,420574.0,29
2024-03-18 08:55:00,10768.378,3591.15,3563.617,3613.611,-5.011,-1.233,0.0,-3.778,10766.928,3590.75,3562.567,3613.611,280.851,280.825,281.658,12.786,12.687,12.83,60.007,5497.244,5399.9,716.762,723.988,7.674,7.462,420574.0,29
2024-03-18 09:00:00,10118.728,3375.267,3348.439,3395.022,-6.1,-2.033,0.0,-4.067,10117.472,3375.189,3347.35,3394.933,280.118,280.078,280.832,12.041,11.942,12.079,59.997,5202.789,5046.278,710.166,706.56,7.298,7.104,420574.0,29
2024-03-18 09:05:00,5532.344,1848.444,1825.483,1858.417,-9.478,-3.778,0.0,-5.7,5531.678,1848.344,1824.961,1858.372,278.922,278.971,279.565,6.629,6.543,6.65,59.989,2873.089,2742.517,703.446,709.18,4.086,3.868,420574.0,29
2024-03-18 09:10:00,5342.339,1784.85,1762.872,1794.617,-9.489,-3.778,0.0,-5.711,5341.628,1784.85,1762.161,1794.617,279.074,279.112,279.742,6.397,6.314,6.415,60.004,2770.25,2655.433,699.93,710.412,3.963,3.738,420574.0,29
2024-03-18 09:15:00,4527.033,1513.833,1491.178,1522.022,-11.789,-5.1,-0.022,-6.667,4526.389,1513.833,1490.533,1522.022,278.905,278.857,279.677,5.43,5.349,5.443,60.006,2369.278,2226.533,699.137,704.868,3.391,3.161,420574.0,29
2024-03-18 09:20:00,4429.75,1481.733,1458.983,1489.033,-13.6,-5.778,-0.267,-7.556,4429.394,1481.811,1458.506,1489.078,279.867,279.712,280.483,5.296,5.217,5.31,59.999,2314.106,2175.628,697.143,701.852,3.32,3.102,420574.0,29
2024-03-18 09:25:00,5252.378,1756.478,1732.417,1763.483,-10.578,-4.511,0.0,-6.067,5251.733,1756.411,1731.839,1763.483,280.561,280.328,281.042,6.26,6.178,6.275,60.014,2712.011,2601.878,699.455,702.049,3.873,3.705,420574.0,29
2024-03-18 09:30:00,10954.872,3654.961,3627.794,3672.117,-6.122,-2.2,-0.022,-3.9,10953.356,3654.506,3626.733,3672.117,282.384,282.348,283.024,12.93,12.835,12.963,60.0,5604.006,5464.539,707.779,705.431,7.92,7.745,420574.0,29
2024-03-18 09:35:00,6749.406,2252.828,2232.217,2264.361,-7.889,-2.944,-0.156,-4.789,6748.406,2252.806,2231.306,2264.294,281.385,281.79,282.245,8.007,7.92,8.024,60.011,3463.039,3355.839,687.143,697.052,5.04,4.814,420574.0,29
2024-03-18 09:40:00,6744.85,2250.944,2230.439,2263.467,-8.4,-3.278,0.0,-5.122,6745.85,2251.422,2230.417,2264.011,280.986,281.378,281.83,8.011,7.926,8.032,60.007,3496.578,3323.878,706.473,697.873,4.95,4.772,420574.0,29
2024-03-18 09:45:00,6635.006,2214.822,2193.889,2226.294,-8.511,-3.544,0.0,-4.967,6634.517,2214.789,2193.433,2226.294,280.159,280.327,280.803,7.907,7.826,7.93,60.004,3438.378,3274.978,705.308,703.829,4.877,4.655,420574.0,29
2024-03-18 09:50:00,7061.606,2356.878,2334.567,2370.161,-8.144,-3.122,0.0,-5.022,7060.694,2356.811,2333.722,2370.161,281.009,281.125,281.841,8.389,8.303,8.412,60.017,3664.944,3474.283,704.929,700.457,5.201,4.963,420574.0,29
2024-03-18 09:55:00,8157.628,2722.228,2697.539,2737.861,-6.567,-2.189,0.0,-4.378,8156.817,2722.228,2696.728,2737.861,281.096,281.173,281.855,9.687,9.593,9.716,59.997,4232.944,4016.0,707.488,707.873,5.984,5.674,420574.0,29
2024-03-18 10:00:00,9053.339,3020.706,2995.011,3037.622,-6.067,-2.067,0.0,-4.0,9052.472,3020.706,2994.144,3037.622,280.555,280.635,281.31,10.768,10.671,10.799,59.982,4685.922,4466.694,709.5,709.559,6.606,6.296,420574.0,29
2024-03-18 10:05:00,7767.372,2593.311,2567.322,2606.739,-6.856,-2.422,0.0,-4.433,7766.65,2593.267,2566.667,2606.717,280.382,280.306,281.087,9.251,9.158,9.276,59.988,4049.0,3823.044,702.759,697.56,5.764,5.482,420574.0,29
2024-03-18 10:10:00,7901.611,2638.35,2611.922,2651.339,-7.211,-2.722,0.0,-4.489,7900.9,2638.317,2611.244,2651.339,280.607,280.426,281.162,9.403,9.314,9.432,59.985,4083.133,3905.517,702.774,703.466,5.812,5.553,420574.0,29
2024-03-18 10:15:00,8379.167,2796.45,2772.856,2809.861,-7.067,-2.722,0.0,-4.344,8378.467,2796.45,2772.156,2809.861,281.05,281.12,281.778,9.951,9.862,9.973,60.009,4316.828,4150.533,704.719,703.155,6.127,5.905,420574.0,29
2024-03-18 10:20:00,11718.011,3908.861,3880.256,3928.894,-5.811,-1.978,0.0,-3.833,11716.944,3908.817,3879.233,3928.894,281.984,281.946,282.801,13.862,13.759,13.892,60.009,5990.883,5852.633,703.376,705.64,8.532,8.294,420574.0,29
2024-03-18 10:25:00,12267.622,4091.8,4063.061,4112.761,-5.878,-1.978,0.0,-3.9,12266.411,4091.711,4061.972,4112.728,281.845,281.872,282.738,14.517,14.411,14.547,59.998,6304.9,6117.639,705.742,701.574,8.934,8.722,420574.0,29
2024-03-18 10:30:00,11866.25,3957.75,3932.161,3976.339,-4.967,-1.711,0.0,-3.256,11864.817,3957.517,3930.961,3976.339,281.819,281.919,282.578,14.043,13.943,14.072,59.989,6095.411,5900.578,703.385,702.616,8.668,8.4,420574.0,29
2024-03-18 10:35:00,12117.633,4041.5,4017.539,4058.594,-4.356,-1.533,0.0,-2.822,12116.378,4041.2,4016.606,4058.572,282.323,282.404,283.154,14.314,14.223,14.333,60.006,6268.744,6019.361,700.105,693.668,8.955,8.679,420574.0,29
2024-03-18 10:40:00,17182.428,5729.511,5696.528,5756.389,-3.989,-1.356,0.0,-2.633,17176.928,5727.933,5693.939,5755.056,282.347,282.319,283.187,20.279,20.161,20.313,60.0,8894.156,8676.128,700.005,697.815,12.706,12.432,420574.0,29
2024-03-18 10:45:00,13380.772,4463.306,4436.389,4481.078,-4.611,-1.756,0.0,-2.856,13379.439,4462.939,4435.456,4481.044,281.967,281.977,282.719,15.824,15.725,15.845,59.998,7005.906,6781.9,699.195,691.863,10.012,9.808,420574.0,29
2024-03-18 10:50:00,16063.828,5354.956,5330.106,5378.767,-3.844,-1.378,0.0,-2.467,16061.617,5354.511,5328.594,5378.511,282.267,282.476,283.188,18.959,18.855,18.981,59.969,8306.828,8066.378,686.756,691.921,12.087,11.664,420574.0,29
2024-03-18 10:55:00,15565.789,5190.572,5163.872,5211.344,-3.889,-1.456,0.0,-2.433,15564.011,5190.194,5162.528,5211.289,282.172,282.235,283.024,18.393,18.29,18.41,59.995,8045.872,7724.972,689.803,678.387,11.669,11.381,420574.0,29
2024-03-18 11:00:00,16462.556,5489.339,5463.278,5509.939,-3.389,-1.3,0.0,-2.089,16460.544,5488.85,5461.9,5509.794,282.082,282.157,282.89,19.448,19.347,19.464,60.018,8473.9,8180.711,689.297,691.054,12.324,11.871,420574.0,29
2024-03-18 11:05:00,19697.622,6566.706,6536.156,6594.761,-3.689,-1.233,0.0,-2.456,19696.906,6566.306,6535.361,6595.239,283.035,283.056,283.921,23.178,23.067,23.204,60.001,10117.167,9868.15,684.118,677.4,14.795,14.617,420574.0,29
2024-03-18 11:10:00,23194.411,7726.517,7698.806,7769.089,-3.278,-0.689,0.0,-2.589,23191.306,7725.372,7697.222,7768.711,283.978,284.138,285.183,27.188,27.073,27.222,59.983,11933.628,11635.061,654.026,655.327,18.567,18.087,420574.0,29
2024-03-18 11:15:00,14318.428,4772.356,4753.128,4792.944,-3.311,-0.922,0.0,-2.389,14317.117,4772.144,4752.061,4792.911,282.286,282.602,283.43,16.904,16.815,16.91,59.982,7377.639,7144.828,672.835,676.772,10.97,10.56,420574.0,29
2024-03-18 11:20:00,13721.0,4573.667,4553.417,4593.917,-2.411,-0.311,0.0,-2.1,13719.017,4573.111,4552.211,4593.694,282.308,282.564,283.429,16.201,16.111,16.209,59.99,7077.806,6810.456,687.756,678.783,10.293,10.037,420574.0,29
2024-03-18 11:25:00,14572.117,4857.706,4837.15,4877.261,-3.456,-1.433,0.0,-2.022,14570.772,4857.461,4836.05,4877.261,281.953,282.207,282.95,17.228,17.136,17.237,59.991,7507.806,7263.222,691.914,687.649,10.853,10.565,420574.0,29
2024-03-18 11:30:00,11356.122,3786.411,3768.478,3801.233,-4.9,-1.956,0.0,-2.944,11355.133,3786.2,3767.733,3801.2,281.423,281.693,282.452,13.454,13.376,13.459,59.99,5860.594,5653.167,688.358,686.66,8.519,8.231,420574.0,29
2024-03-18 11:35:00,8951.644,2986.644,2969.056,2995.944,-5.344,-2.0,0.0,-3.344,8951.0,2986.622,2968.433,2995.944,281.287,281.472,282.145,10.62,10.549,10.621,60.0,4626.6,4447.194,689.249,687.303,6.714,6.472,420574.0,29
2024-03-18 11:40:00,10028.8,3346.317,3324.028,3358.456,-5.656,-2.0,0.0,-3.656,10027.878,3346.317,3323.106,3358.456,280.866,281.016,281.623,11.915,11.826,11.927,59.991,5153.872,4995.561,698.237,691.385,7.382,7.227,420574.0,29
2024-03-18 11:45:00,10801.622,3604.344,3579.694,3617.583,-5.344,-2.0,0.0,-3.344,10800.422,3604.278,3578.561,3617.583,281.125,281.125,281.835,12.822,12.731,12.838,59.979,5518.528,5417.55,695.362,691.981,7.941,7.831,420574.0,29
2024-03-18 11:50:00,11606.544,3871.933,3848.944,3885.667,-4.867,-1.911,0.0,-2.956,11605.7,3871.833,3848.178,3885.689,281.308,281.426,282.003,13.765,13.674,13.78,59.992,5919.878,5810.361,696.263,689.505,8.505,8.429,420574.0,29
2024-03-18 11:55:00,13302.75,4435.989,4413.794,4452.967,-3.544,-1.056,0.0,-2.489,13301.417,4435.778,4412.783,4452.856,282.131,282.35,282.959,15.724,15.63,15.739,60.009,6806.994,6657.028,699.866,693.846,9.729,9.596,420574.0,29
2024-03-18 12:00:00,15961.806,5320.106,5297.083,5344.617,-3.922,-1.089,0.0,-2.833,15938.256,5312.428,5288.594,5337.233,282.968,283.262,284.073,18.798,18.695,18.812,59.989,8193.844,7980.428,697.258,693.137,11.764,11.521,420574.0,29
2024-03-18 12:05:00,17067.844,5687.967,5664.583,5715.294,-3.578,-1.011,0.0,-2.567,17065.983,5687.256,5663.5,5715.228,282.959,283.154,284.064,20.091,19.992,20.109,59.973,8752.25,8557.294,682.077,680.394,12.861,12.607,420574.0,29
2024-03-18 12:10:00,10072.822,3360.406,3340.517,3371.9,-5.367,-2.0,0.0,-3.367,10071.767,3360.339,3339.572,3371.856,281.904,281.807,282.732,11.922,11.852,11.928,59.996,5191.217,5020.917,683.375,678.944,7.602,7.398,420574.0,29
2024-03-18 12:15:00,10647.517,3551.306,3531.644,3564.567,-5.622,-1.967,0.0,-3.656,10646.317,3551.072,3530.789,3564.456,282.014,281.96,282.88,12.594,12.524,12.602,60.003,5472.339,5310.606,690.908,683.329,7.921,7.772,420574.0,29
2024-03-18 12:20:00,10663.817,3556.289,3537.339,3570.189,-5.667,-2.0,0.0,-3.667,10663.294,3556.267,3536.883,3570.144,281.915,281.944,282.816,12.616,12.546,12.625,60.018,5488.05,5340.894,695.061,687.903,7.898,7.766,420574.0,29
2024-03-18 12:25:00,9848.056,3285.078,3263.878,3299.1,-5.878,-2.0,0.0,-3.878,9847.144,3284.989,3263.056,3299.1,280.805,281.006,281.748,11.7,11.614,11.711,60.005,5090.933,4874.85,699.37,683.756,7.281,7.131,420574.0,29
2024-03-18 12:30:00,10297.817,3434.383,3412.894,3450.539,-5.644,-1.911,0.0,-3.733,10296.739,3434.328,3411.872,3450.539,280.758,280.861,281.796,12.232,12.148,12.245,60.002,5303.522,5111.417,699.44,692.826,7.584,7.378,420574.0,29
2024-03-18 12:35:00,10809.2,3603.989,3586.006,3619.206,-3.711,-1.378,0.0,-2.333,10807.672,3603.789,3584.7,3619.183,281.529,281.699,282.593,12.802,12.727,12.808,59.998,5568.911,5380.2,697.011,691.176,7.992,7.786,420574.0,29
2024-03-18 12:40:00,10720.55,3575.289,3556.506,3588.756,-4.778,-1.722,0.0,-3.056,10719.722,3575.2,3555.767,3588.756,281.411,281.459,282.406,12.706,12.635,12.709,60.001,5521.4,5339.517,694.162,688.376,7.956,7.759,420574.0,29
2024-03-18 12:45:00,10812.856,3605.006,3587.494,3620.356,-4.344,-1.544,-0.022,-2.778,10811.667,3604.761,3586.55,3620.356,281.441,281.639,282.533,12.81,12.736,12.815,59.999,5576.056,5382.889,695.547,689.156,8.019,7.813,420574.0,29
2024-03-18 12:50:00,11497.767,3833.011,3815.078,3849.678,-4.044,-1.467,0.0,-2.578,11496.306,3832.85,3813.778,3849.678,281.588,281.811,282.814,13.613,13.535,13.614,59.996,5894.944,5752.433,692.849,691.581,8.515,8.318,420574.0,29
2024-03-18 12:55:00,13103.528,4368.994,4347.744,4386.789,-4.111,-1.533,0.0,-2.578,13102.956,4369.061,4346.994,4386.9,281.813,281.992,282.892,15.503,15.416,15.509,59.997,6716.144,6556.994,696.237,689.017,9.648,9.519,420574.0,29
2024-03-18 13:00:00,11926.378,3977.083,3957.656,3991.639,-5.133,-2.0,0.0,-3.133,11925.344,3977.028,3956.711,3991.606,281.627,281.805,282.468,14.122,14.041,14.131,59.998,6101.933,5986.511,689.101,687.603,8.864,8.708,420574.0,29
2024-03-18 13:05:00,10482.133,3496.656,3478.378,3507.1,-4.433,-1.878,0.0,-2.556,10481.089,3496.422,3477.567,3507.1,280.764,280.892,281.478,12.455,12.382,12.461,59.989,5402.172,5228.478,689.496,683.418,7.837,7.655,420574.0,29
2024-03-18 13:10:00,9723.728,3244.689,3225.683,3253.356,-4.544,-1.978,0.0,-2.567,9723.072,3244.656,3225.061,3253.356,280.294,280.405,280.96,11.577,11.502,11.581,59.983,4983.2,4873.239,687.719,684.931,7.249,7.117,420574.0,29
2024-03-18 13:15:00,12610.45,4207.094,4180.606,4222.75,-4.689,-1.944,0.0,-2.744,12608.95,4206.95,4179.25,4222.75,280.48,280.619,281.252,14.999,14.893,15.014,59.996,6440.811,6326.8,695.394,691.12,9.269,9.157,420574.0,29
2024-03-18 13:20:00,14791.272,4932.833,4906.706,4951.733,-3.867,-1.6,0.0,-2.267,14789.95,4932.644,4905.572,4951.733,281.298,281.361,282.185,17.535,17.435,17.547,60.001,7591.089,7387.228,695.476,688.848,10.919,10.728,420574.0,29
2024-03-18 13:25:00,12113.05,4041.972,4017.689,4053.389,-4.389,-1.811,0.0,-2.578,12111.828,4041.794,4016.644,4053.389,280.735,280.513,281.311,14.397,14.318,14.408,59.995,6233.767,6045.806,685.832,682.058,9.091,8.861,420574.0,29
2024-03-18 13:30:00,13833.433,4619.267,4584.778,4629.389,-4.5,-1.978,0.0,-2.522,13832.4,4619.189,4583.822,4629.389,281.328,280.679,281.63,16.419,16.331,16.439,59.999,7096.089,6924.733,690.256,684.027,10.282,10.126,420574.0,29
2024-03-18 13:35:00,16661.789,5562.767,5523.2,5575.822,-3.944,-1.933,0.0,-2.011,16659.533,5562.333,5521.456,5575.744,281.995,281.302,282.294,19.724,19.628,19.75,59.994,8510.6,8391.678,679.44,680.252,12.531,12.332,420574.0,29
2024-03-18 13:40:00,16492.833,5506.661,5467.244,5518.928,-3.867,-1.778,0.0,-2.089,16490.567,5506.172,5465.744,5518.65,281.461,280.791,281.745,19.556,19.459,19.58,60.009,8500.422,8239.311,677.782,669.027,12.604,12.38,420574.0,29
2024-03-18 13:45:00,28227.494,9413.967,9356.011,9457.517,-3.078,-0.9,0.0,-2.178,28224.217,9412.933,9354.322,9456.961,283.638,282.844,284.269,33.176,33.062,33.255,60.01,14336.194,14327.578,724.586,713.731,19.757,20.034,420574.0,29
2024-03-18 13:50:00,25499.333,8504.322,8454.672,8540.339,-3.467,-1.078,0.0,-2.389,25601.211,8538.278,8487.683,8575.25,283.45,282.942,284.118,29.988,29.863,30.041,59.985,12535.944,13146.033,712.087,694.077,17.586,18.891,420574.0,29
2024-03-18 13:55:00,20931.7,6985.278,6939.483,7006.939,-3.889,-1.678,0.0,-2.211,20928.367,6984.122,6937.861,7006.383,282.51,281.893,282.942,24.713,24.602,24.752,59.976,10711.2,10557.467,653.362,646.92,16.398,16.295,420574.0,29
2024-03-18 14:00:00,17830.572,5950.344,5911.578,5968.65,-3.911,-1.756,0.0,-2.156,17828.161,5949.767,5909.956,5968.439,281.71,281.137,282.181,21.114,21.015,21.142,60.011,9177.839,8928.922,651.307,653.251,14.098,13.644,420574.0,29
2024-03-18 14:05:00,12274.65,4097.772,4068.617,4108.261,-4.678,-2.0,0.0,-2.678,12273.428,4097.739,4067.428,4108.261,281.251,280.686,281.643,14.569,14.49,14.586,60.001,6336.122,6119.628,665.749,666.581,9.515,9.179,420574.0,29
2024-03-18 14:10:00,10181.311,3399.344,3375.067,3406.9,-4.889,-2.033,0.0,-2.856,10181.4,3399.811,3374.322,3407.267,280.164,279.704,280.501,12.136,12.065,12.146,60.006,5270.983,5060.233,673.085,673.114,7.833,7.52,420574.0,29
2024-03-18 14:15:00,8279.428,2765.939,2743.622,2769.867,-5.744,-2.3,0.0,-3.444,8278.861,2765.939,2743.111,2769.811,279.571,279.069,279.621,9.895,9.831,9.906,59.98,4296.45,4115.206,681.547,676.515,6.306,6.086,420574.0,29
2024-03-18 14:20:00,6867.394,2292.661,2277.9,2296.833,-7.111,-2.911,-0.333,-3.867,6866.783,2292.661,2277.289,2296.833,282.967,283.1,283.619,8.105,8.049,8.102,59.984,3547.267,3439.072,679.006,679.187,5.231,5.066,420574.0,29
2024-03-18 14:25:00,7327.172,2445.272,2430.956,2450.944,-8.367,-3.356,-1.167,-3.844,7326.872,2445.25,2430.678,2450.944,284.482,284.741,285.43,8.597,8.538,8.589,60.005,3775.911,3667.761,691.809,686.917,5.459,5.341,420574.0,29
2024-03-18 14:30:00,9217.889,3074.333,3058.944,3084.611,-5.244,-2.022,-0.1,-3.122,9217.144,3074.211,3058.322,3084.611,284.281,284.658,285.237,10.816,10.746,10.816,59.999,4720.411,4626.794,698.547,690.024,6.759,6.707,420574.0,29
2024-03-18 14:35:00,11041.006,3681.383,3665.083,3694.539,-4.567,-1.778,0.0,-2.789,11040.006,3681.206,3664.261,3694.539,283.182,283.533,284.112,13.0,12.924,13.003,59.991,5648.65,5547.006,698.562,690.597,8.085,8.033,420574.0,29
2024-03-18 14:40:00,16161.217,5384.261,5366.989,5409.967,-2.822,-0.756,0.0,-2.067,16159.35,5383.717,5365.789,5409.844,283.815,284.31,285.062,18.964,18.867,18.97,59.992,8268.194,8144.806,700.518,693.093,11.807,11.75,420574.0,29
2024-03-18 14:45:00,20281.267,6753.583,6736.811,6790.872,-2.567,-0.367,0.0,-2.2,20279.311,6752.672,6735.967,6790.672,284.507,285.098,285.903,23.722,23.613,23.738,59.991,10377.578,10210.0,691.663,690.758,14.974,14.736,420574.0,29
2024-03-18 14:50:00,21608.689,7197.161,7175.172,7236.356,-2.767,-0.389,0.0,-2.378,21605.628,7195.939,7173.672,7236.017,285.068,285.444,286.301,25.228,25.116,25.256,60.001,11087.872,10847.194,693.521,701.834,15.9,15.349,420574.0,29
2024-03-18 14:55:00,21337.961,7109.55,7081.839,7146.572,-3.489,-0.867,0.0,-2.622,21335.206,7108.528,7080.317,7146.361,285.434,285.556,286.568,24.885,24.774,24.912,60.001,10925.433,10742.278,678.211,677.13,16.028,15.782,420574.0,29
2024-03-18 15:00:00,25649.167,8541.789,8515.6,8591.778,-2.656,-0.322,0.0,-2.333,25646.0,8540.656,8514.044,8591.3,285.54,285.807,286.843,29.906,29.784,29.944,59.997,13174.906,12984.122,674.463,673.925,19.487,19.205,420574.0,29
2024-03-18 15:05:00,26146.039,8705.583,8681.022,8759.433,-2.356,-0.244,0.0,-2.111,26142.783,8704.472,8679.367,8758.944,285.039,285.383,286.414,30.527,30.403,30.568,59.994,13433.417,13142.5,677.072,679.225,19.802,19.326,420574.0,29
2024-03-18 15:10:00,28672.178,9544.389,9518.489,9609.3,-2.822,-0.222,0.0,-2.6,28668.344,9542.822,9516.778,9608.744,285.92,286.276,287.453,33.374,33.241,33.423,59.986,14671.739,14491.417,672.044,677.396,21.831,21.382,420574.0,29
2024-03-18 15:15:00,29598.111,9854.967,9823.7,9919.444,-2.4,0.0,0.0,-2.4,29594.511,9853.444,9822.044,9919.022,285.682,285.923,287.207,34.491,34.351,34.534,59.998,15180.356,14939.733,673.087,674.142,22.551,22.16,420574.0,29
2024-03-18 15:20:00,26177.461,8718.183,8688.2,8771.078,-3.233,-0.422,0.0,-2.811,26173.983,8716.872,8686.522,8770.589,285.213,285.4,286.572,30.543,30.415,30.58,59.999,13337.756,13143.039,677.053,677.323,19.667,19.374,420574.0,29
2024-03-18 15:25:00,24357.372,8111.261,8085.028,8161.083,-3.022,-0.411,0.0,-2.611,24354.111,8109.85,8083.489,8160.772,284.903,285.16,286.313,28.451,28.333,28.485,60.011,12542.544,12406.289,672.302,668.754,18.564,18.48,420574.0,29
2024-03-18 15:30:00,23271.772,7749.533,7727.072,7795.167,-2.844,-0.467,0.0,-2.378,23388.806,7788.428,7765.489,7834.889,284.867,285.241,286.295,27.19,27.075,27.214,60.013,11961.65,11893.606,687.456,682.23,17.376,17.402,420574.0,29
2024-03-18 15:35:00,19068.4,6349.967,6332.422,6386.011,-3.233,-0.678,0.0,-2.556,19066.156,6349.189,6331.1,6385.867,284.401,284.861,285.88,22.32,22.22,22.332,60.0,9790.956,9534.406,643.777,632.902,15.231,15.085,420574.0,29
2024-03-18 15:40:00,17588.156,5857.922,5841.639,5888.594,-3.1,-0.556,0.0,-2.544,17603.122,5862.9,5846.072,5894.15,284.166,284.66,285.535,20.609,20.513,20.619,59.993,9097.839,8831.606,660.805,654.256,13.771,13.476,420574.0,29
2024-03-18 15:45:00,19952.561,6643.911,6627.322,6681.328,-2.822,-0.444,0.0,-2.378,20011.178,6663.111,6646.683,6701.383,284.031,284.557,285.447,23.378,23.276,23.393,59.984,10114.644,9954.339,664.659,683.68,15.151,14.485,420574.0,29
2024-03-18 15:50:00,29369.972,9776.761,9753.9,9839.311,-2.122,0.0,0.0,-2.122,29308.633,9755.867,9733.239,9819.528,284.893,285.382,286.389,34.311,34.171,34.352,60.008,15030.55,14819.772,670.196,671.021,22.484,22.151,420574.0,29
2024-03-18 15:55:00,27109.194,9024.056,9004.117,9081.022,-2.244,-0.1,0.0,-2.144,27105.561,9022.478,9002.55,9080.533,285.658,286.197,287.234,31.586,31.456,31.614,60.002,13844.228,13710.456,659.464,651.319,20.996,21.053,420574.0,29
2024-03-18 16:00:00,25237.017,8402.689,8384.839,8449.489,-2.022,-0.022,0.0,-2.0,25233.467,8401.394,8383.061,8449.011,285.532,286.099,286.889,29.424,29.301,29.451,59.999,12906.483,12762.95,663.796,653.946,19.446,19.52,420574.0,29
2024-03-18 16:05:00,24325.15,8097.822,8080.972,8146.356,-2.0,0.0,0.0,-2.0,24321.517,8096.267,8079.461,8145.789,285.195,285.768,286.735,28.388,28.273,28.41,60.005,12422.356,12309.761,667.641,657.989,18.608,18.71,420574.0,29
2024-03-18 16:10:00,23890.478,7956.372,7934.594,7999.511,-2.044,-0.044,0.0,-2.0,23886.561,7954.717,7932.817,7999.028,284.973,285.406,286.333,27.914,27.796,27.936,60.0,12200.406,12103.728,671.857,659.949,18.162,18.343,420574.0,29
2024-03-18 16:15:00,23431.022,7805.206,7780.867,7844.95,-2.089,-0.089,0.0,-2.0,23427.178,7803.617,7779.233,7844.328,285.393,285.731,286.619,27.345,27.226,27.369,59.995,11960.1,11857.011,672.26,658.74,17.793,18.003,420574.0,29
2024-03-18 16:20:00,22565.194,7516.572,7495.3,7553.322,-2.767,-0.5,0.0,-2.267,22561.483,7514.983,7493.567,7552.933,285.78,286.227,286.979,26.297,26.181,26.319,59.991,11513.556,11445.5,672.192,661.472,17.131,17.306,420574.0,29
2024-03-18 16:25:00,22063.267,7349.967,7328.917,7384.383,-3.544,-1.178,0.0,-2.367,22060.1,7348.611,7327.317,7384.172,285.638,286.064,286.807,25.728,25.614,25.747,59.992,11244.428,11168.628,678.013,665.899,16.587,16.774,420574.0,29
2024-03-18 16:30:00,21563.156,7182.189,7161.878,7219.089,-2.033,-0.033,0.0,-2.0,21559.794,7180.856,7160.039,7218.9,285.186,285.564,286.482,25.181,25.075,25.198,60.001,11005.206,10923.039,679.621,666.172,16.195,16.398,420574.0,29
2024-03-18 16:35:00,21288.083,7090.856,7070.044,7127.183,-2.478,-0.244,0.0,-2.233,21284.95,7089.556,7068.6,7126.794,285.325,285.718,286.567,24.848,24.74,24.871,59.995,10855.856,10770.289,671.366,666.652,16.173,16.158,420574.0,29
2024-03-18 16:40:00,19707.7,6563.128,6546.611,6597.961,-2.333,-0.278,0.0,-2.056,19704.833,6562.072,6545.156,6597.606,284.878,285.391,286.163,23.028,22.927,23.047,59.998,9974.472,10000.133,655.991,674.359,15.177,14.833,420574.0,29
2024-03-18 16:45:00,20419.311,6799.528,6784.2,6835.583,-2.222,-0.2,0.0,-2.022,20416.167,6798.206,6782.956,6835.006,284.878,285.519,286.227,23.862,23.755,23.879,59.972,10436.333,10309.861,676.442,658.75,15.428,15.651,420574.0,29
2024-03-18 16:50:00,19269.15,6420.633,6397.011,6451.506,-3.0,-0.733,0.0,-2.267,19266.339,6419.6,6395.4,6451.339,285.59,285.788,286.819,22.48,22.379,22.495,60.006,9813.672,9754.95,675.389,669.779,14.533,14.568,420574.0,29
2024-03-18 16:55:00,18213.822,6071.156,6045.25,6097.417,-2.633,-0.578,0.0,-2.056,18211.011,6070.256,6043.606,6097.15,285.823,285.937,286.912,21.238,21.137,21.251,59.989,9247.533,9221.6,677.245,669.935,13.671,13.768,420574.0,29
2024-03-18 17:00:00,17289.472,5761.806,5738.533,5789.133,-3.289,-0.722,0.0,-2.567,17287.039,5760.95,5736.978,5789.111,286.275,286.39,287.499,20.12,20.028,20.132,60.004,8834.128,8774.667,675.378,676.253,13.085,12.982,420574.0,29
2024-03-18 17:05:00,16386.144,5459.811,5441.294,5485.039,-3.067,-0.733,0.0,-2.333,16383.789,5459.111,5439.861,5484.817,286.397,286.748,287.625,19.056,18.966,19.062,60.004,8344.317,8272.622,687.243,681.499,12.149,12.163,420574.0,29
2024-03-18 17:10:00,16432.361,5474.722,5457.794,5499.844,-2.689,-0.611,0.0,-2.078,16430.167,5473.911,5456.656,5499.6,285.623,286.126,286.815,19.164,19.07,19.173,59.991,8364.567,8312.189,683.179,686.622,12.258,12.121,420574.0,29
2024-03-18 17:15:00,15857.461,5282.733,5267.283,5307.444,-2.744,-0.5,0.0,-2.244,15855.883,5282.267,5266.194,5307.422,285.931,286.499,287.223,18.475,18.383,18.48,59.997,8074.511,8020.083,685.227,685.952,11.786,11.694,420574.0,29
2024-03-18 17:20:00,15298.239,5097.883,5080.644,5119.711,-2.5,-0.467,0.0,-2.033,15296.506,5097.439,5079.589,5119.478,285.744,286.176,286.925,17.84,17.75,17.844,59.985,7791.811,7734.944,687.427,685.157,11.336,11.291,420574.0,29
2024-03-18 17:25:00,11588.594,3863.761,3847.272,3877.561,-6.956,-2.522,-1.122,-3.311,11587.283,3863.417,3846.383,3877.483,284.841,285.22,285.885,13.546,13.468,13.542,59.998,5942.094,5863.322,680.16,683.383,8.703,8.59,420574.0,29
2024-03-18 17:30:00,7022.011,2343.85,2328.756,2349.406,-10.389,-4.1,-1.589,-4.7,7021.544,2343.817,2328.389,2349.339,284.033,284.316,284.914,8.243,8.18,8.235,59.985,3593.439,3520.111,673.926,679.74,5.247,5.117,420574.0,29
2024-03-18 17:35:00,13818.172,4604.833,4589.661,4623.678,-3.378,-0.911,0.0,-2.467,13817.05,4604.656,4588.783,4623.611,285.379,285.982,286.586,16.136,16.047,16.135,59.994,7027.356,6988.483,695.701,694.566,10.103,10.063,420574.0,29
2024-03-18 17:40:00,11055.678,3683.672,3671.611,3700.394,-4.467,-1.389,-0.156,-2.922,11050.289,3681.967,3669.356,3698.967,285.296,285.921,286.674,12.91,12.838,12.906,59.979,5620.911,5600.561,690.537,686.168,8.144,8.16,420574.0,29
2024-03-18 17:45:00,4150.906,1386.15,1377.383,1387.372,-20.078,-7.767,-4.911,-7.4,4141.161,1382.922,1374.1,1384.139,283.681,284.348,284.84,4.881,4.839,4.865,59.992,2186.822,2099.828,668.086,670.02,3.249,3.107,420574.0,29
2024-03-18 17:50:00,7719.144,2573.756,2562.733,2582.656,-8.911,-3.4,-1.422,-4.089,7716.806,2572.817,2561.983,2582.006,283.848,284.536,284.996,9.06,8.999,9.054,59.984,3940.344,3882.067,684.376,681.015,5.753,5.661,420574.0,29
2024-03-18 17:55:00,3029.189,1013.717,1003.822,1011.65,-20.267,-8.078,-4.756,-7.433,3027.133,1013.05,1003.122,1010.961,283.412,284.023,284.41,3.579,3.537,3.559,59.992,1591.206,1519.089,676.915,671.512,2.353,2.264,420574.0,29
2024-03-18 18:00:00,3189.622,1066.878,1056.533,1066.211,-20.722,-8.056,-4.856,-7.811,3189.7,1066.922,1056.633,1066.144,283.269,283.67,284.285,3.768,3.727,3.752,59.995,1676.406,1591.639,681.303,677.044,2.461,2.354,420574.0,29
2024-03-18 18:05:00,4526.911,1512.194,1500.044,1514.672,-16.156,-6.311,-3.133,-6.711,4526.5,1512.15,1499.8,1514.55,283.482,284.027,284.639,5.33,5.277,5.318,60.022,2330.433,2259.389,689.354,687.155,3.363,3.266,420574.0,29
2024-03-18 18:10:00,6727.306,2244.817,2231.144,2251.344,-8.456,-3.322,-0.967,-4.167,6726.761,2244.817,2230.6,2251.344,284.172,284.627,285.168,7.899,7.837,7.895,60.0,3440.089,3381.717,691.855,695.953,4.968,4.857,420574.0,29
2024-03-18 18:15:00,7468.161,2490.922,2477.239,2500.0,-6.867,-2.467,-0.278,-4.122,7467.828,2490.922,2476.906,2500.0,283.466,284.078,284.501,8.791,8.721,8.79,60.028,3810.367,3757.172,694.374,697.882,5.484,5.383,420574.0,29
2024-03-18 18:20:00,4923.072,1643.994,1631.961,1647.117,-12.278,-4.867,-2.067,-5.344,4922.906,1643.994,1631.794,1647.117,282.935,283.455,283.796,5.811,5.758,5.805,59.994,2526.933,2488.594,681.12,687.419,3.734,3.619,420574.0,29
2024-03-18 18:25:00,6016.117,2008.556,1992.917,2014.644,-9.456,-3.733,-0.967,-4.756,6015.728,2008.489,1992.594,2014.644,282.885,283.371,283.895,7.102,7.033,7.098,59.969,3117.928,2995.15,690.807,699.886,4.521,4.282,420574.0,29
2024-03-18 18:30:00,5005.528,1671.211,1658.383,1675.933,-11.889,-4.344,-1.844,-5.7,5005.261,1671.189,1658.139,1675.933,282.584,283.287,283.675,5.916,5.855,5.91,59.982,2592.828,2490.95,698.004,700.537,3.717,3.558,420574.0,29
2024-03-18 18:35:00,3547.739,1186.378,1173.894,1187.467,-17.711,-7.089,-3.122,-7.5,3547.639,1186.444,1173.85,1187.344,282.654,283.283,283.505,4.198,4.145,4.19,59.988,1861.128,1732.939,689.046,695.575,2.715,2.495,420574.0,29
2024-03-18 18:40:00,2470.4,828.089,815.889,826.422,-29.533,-11.856,-6.511,-11.167,2470.3,828.022,815.856,826.422,282.153,282.759,283.128,2.937,2.887,2.921,59.993,1287.2,1232.889,693.962,696.001,1.857,1.774,420574.0,29
2024-03-18 18:45:00,1678.367,563.722,555.0,559.644,-57.611,-21.989,-16.378,-19.244,1677.222,563.189,554.711,559.322,282.021,282.656,283.183,2.001,1.966,1.978,59.985,867.717,842.994,689.371,688.811,1.261,1.226,420574.0,29
2024-03-18 18:50:00,1402.206,471.422,464.167,466.617,-74.1,-27.989,-22.111,-24.0,1402.006,471.356,464.1,466.55,282.16,282.965,283.431,1.673,1.643,1.649,59.995,729.139,697.589,679.151,682.083,1.075,1.024,420574.0,29
2024-03-18 18:55:00,1203.078,405.211,398.422,399.444,-87.444,-33.133,-26.478,-27.833,1203.7,405.556,398.511,399.633,282.213,283.098,283.531,1.439,1.409,1.411,60.002,638.7,585.539,667.698,667.825,0.958,0.879,420574.0,29
2024-03-18 19:00:00,1175.656,395.144,389.189,391.322,-93.289,-34.378,-28.467,-30.444,1176.622,395.822,389.289,391.511,282.45,283.325,283.454,1.403,1.376,1.382,60.015,617.089,574.233,665.309,670.75,0.929,0.858,420574.0,29
2024-03-18 19:05:00,1099.9,369.633,363.733,366.533,-98.133,-35.911,-29.8,-32.422,1101.344,370.422,364.044,366.878,282.319,283.067,283.117,1.314,1.287,1.297,60.023,578.939,533.506,659.915,656.813,0.879,0.815,420574.0,29
2024-03-18 19:10:00,998.344,336.006,329.25,333.089,-107.944,-39.7,-31.956,-36.289,1002.072,337.944,329.728,334.4,281.55,282.279,282.242,1.202,1.171,1.187,59.984,529.056,493.072,655.132,656.324,0.81,0.753,420574.0,29
2024-03-18 19:15:00,770.644,259.322,254.311,257.011,-113.822,-41.522,-34.3,-38.0,777.378,262.178,256.0,259.2,281.976,282.729,282.87,0.932,0.907,0.918,59.974,421.4,389.306,648.598,649.355,0.652,0.601,420574.0,29
2024-03-18 19:20:00,536.417,180.933,177.2,178.283,-127.689,-47.289,-38.956,-41.444,550.289,186.556,181.011,182.722,281.848,282.441,282.713,0.664,0.643,0.648,59.973,309.35,282.256,635.409,641.195,0.489,0.442,420574.0,29
2024-03-18 19:25:00,376.733,127.278,124.589,124.867,-134.678,-49.867,-41.911,-42.9,399.444,136.367,131.244,131.833,281.962,282.687,282.823,0.487,0.468,0.469,59.975,232.456,212.25,629.159,630.716,0.372,0.339,420574.0,29
2024-03-18 19:30:00,244.656,82.5,81.067,81.089,-135.167,-50.133,-42.233,-42.8,280.3,96.778,91.644,91.878,281.257,281.947,282.048,0.348,0.328,0.329,59.982,169.178,154.761,611.089,615.149,0.279,0.253,420574.0,29
2024-03-18 19:35:00,69.544,23.422,23.033,23.089,-130.278,-48.267,-40.644,-41.367,150.156,54.289,47.656,48.211,281.219,282.034,282.242,0.195,0.17,0.172,59.978,88.661,78.961,591.019,590.711,0.152,0.137,420574.0,29
2024-03-18 19:40:00,1.867,0.644,0.611,0.611,-30.6,-11.356,-9.611,-9.633,30.222,11.233,9.433,9.556,281.39,282.178,282.235,0.04,0.034,0.034,59.982,13.078,11.556,641.571,640.996,0.023,0.02,2398133.933,29
2024-03-18 19:45:00,0.0,0.0,0.0,0.0,0.0,0.0,0.0,0.0,0.0,0.0,0.0,0.0,281.645,282.478,282.644,0.0,0.0,0.0,59.976,0.0,0.0,612.26,611.144,0.0,0.0,3000000.0,29
2024-03-18 19:50:00,0.0,0.0,0.0,0.0,0.0,0.0,0.0,0.0,0.0,0.0,0.0,0.0,281.4,282.248,282.542,0.0,0.0,0.0,59.972,0.0,0.0,478.172,477.64,0.0,0.0,3000000.0,29
2024-03-18 19:55:00,-1.0,-1.0,-1.0,-1.0,-1.0,-1.0,-1.0,-1.0,-1.0,-1.0,-1.0,-1.0,-1.0,-1.0,-1.0,-1.0,-1.0,-1.0,-1.0,-1.0,-1.0,-1.0,-1.0,-1.0,-1.0,-1.0,29
2024-03-18 20:00:00,-1.0,-1.0,-1.0,-1.0,-1.0,-1.0,-1.0,-1.0,-1.0,-1.0,-1.0,-1.0,-1.0,-1.0,-1.0,-1.0,-1.0,-1.0,-1.0,-1.0,-1.0,-1.0,-1.0,-1.0,-1.0,-1.0,29
2024-03-18 20:05:00,-1.0,-1.0,-1.0,-1.0,-1.0,-1.0,-1.0,-1.0,-1.0,-1.0,-1.0,-1.0,-1.0,-1.0,-1.0,-1.0,-1.0,-1.0,-1.0,-1.0,-1.0,-1.0,-1.0,-1.0,-1.0,-1.0,29
2024-03-18 20:10:00,-1.0,-1.0,-1.0,-1.0,-1.0,-1.0,-1.0,-1.0,-1.0,-1.0,-1.0,-1.0,-1.0,-1.0,-1.0,-1.0,-1.0,-1.0,-1.0,-1.0,-1.0,-1.0,-1.0,-1.0,-1.0,-1.0,29
2024-03-18 20:15:00,-1.0,-1.0,-1.0,-1.0,-1.0,-1.0,-1.0,-1.0,-1.0,-1.0,-1.0,-1.0,-1.0,-1.0,-1.0,-1.0,-1.0,-1.0,-1.0,-1.0,-1.0,-1.0,-1.0,-1.0,-1.0,-1.0,29
2024-03-18 20:20:00,-1.0,-1.0,-1.0,-1.0,-1.0,-1.0,-1.0,-1.0,-1.0,-1.0,-1.0,-1.0,-1.0,-1.0,-1.0,-1.0,-1.0,-1.0,-1.0,-1.0,-1.0,-1.0,-1.0,-1.0,-1.0,-1.0,29
2024-03-18 20:25:00,-1.0,-1.0,-1.0,-1.0,-1.0,-1.0,-1.0,-1.0,-1.0,-1.0,-1.0,-1.0,-1.0,-1.0,-1.0,-1.0,-1.0,-1.0,-1.0,-1.0,-1.0,-1.0,-1.0,-1.0,-1.0,-1.0,29
2024-03-18 20:30:00,-1.0,-1.0,-1.0,-1.0,-1.0,-1.0,-1.0,-1.0,-1.0,-1.0,-1.0,-1.0,-1.0,-1.0,-1.0,-1.0,-1.0,-1.0,-1.0,-1.0,-1.0,-1.0,-1.0,-1.0,-1.0,-1.0,29
2024-03-18 20:35:00,-1.0,-1.0,-1.0,-1.0,-1.0,-1.0,-1.0,-1.0,-1.0,-1.0,-1.0,-1.0,-1.0,-1.0,-1.0,-1.0,-1.0,-1.0,-1.0,-1.0,-1.0,-1.0,-1.0,-1.0,-1.0,-1.0,29
2024-03-18 20:40:00,-1.0,-1.0,-1.0,-1.0,-1.0,-1.0,-1.0,-1.0,-1.0,-1.0,-1.0,-1.0,-1.0,-1.0,-1.0,-1.0,-1.0,-1.0,-1.0,-1.0,-1.0,-1.0,-1.0,-1.0,-1.0,-1.0,29
2024-03-18 20:45:00,-1.0,-1.0,-1.0,-1.0,-1.0,-1.0,-1.0,-1.0,-1.0,-1.0,-1.0,-1.0,-1.0,-1.0,-1.0,-1.0,-1.0,-1.0,-1.0,-1.0,-1.0,-1.0,-1.0,-1.0,-1.0,-1.0,29
2024-03-18 20:50:00,-1.0,-1.0,-1.0,-1.0,-1.0,-1.0,-1.0,-1.0,-1.0,-1.0,-1.0,-1.0,-1.0,-1.0,-1.0,-1.0,-1.0,-1.0,-1.0,-1.0,-1.0,-1.0,-1.0,-1.0,-1.0,-1.0,29
2024-03-18 20:55:00,-1.0,-1.0,-1.0,-1.0,-1.0,-1.0,-1.0,-1.0,-1.0,-1.0,-1.0,-1.0,-1.0,-1.0,-1.0,-1.0,-1.0,-1.0,-1.0,-1.0,-1.0,-1.0,-1.0,-1.0,-1.0,-1.0,29
2024-03-18 21:00:00,-1.0,-1.0,-1.0,-1.0,-1.0,-1.0,-1.0,-1.0,-1.0,-1.0,-1.0,-1.0,-1.0,-1.0,-1.0,-1.0,-1.0,-1.0,-1.0,-1.0,-1.0,-1.0,-1.0,-1.0,-1.0,-1.0,29
2024-03-18 21:05:00,-1.0,-1.0,-1.0,-1.0,-1.0,-1.0,-1.0,-1.0,-1.0,-1.0,-1.0,-1.0,-1.0,-1.0,-1.0,-1.0,-1.0,-1.0,-1.0,-1.0,-1.0,-1.0,-1.0,-1.0,-1.0,-1.0,29
2024-03-18 21:10:00,-1.0,-1.0,-1.0,-1.0,-1.0,-1.0,-1.0,-1.0,-1.0,-1.0,-1.0,-1.0,-1.0,-1.0,-1.0,-1.0,-1.0,-1.0,-1.0,-1.0,-1.0,-1.0,-1.0,-1.0,-1.0,-1.0,29
2024-03-18 21:15:00,-1.0,-1.0,-1.0,-1.0,-1.0,-1.0,-1.0,-1.0,-1.0,-1.0,-1.0,-1.0,-1.0,-1.0,-1.0,-1.0,-1.0,-1.0,-1.0,-1.0,-1.0,-1.0,-1.0,-1.0,-1.0,-1.0,29
2024-03-18 21:20:00,-1.0,-1.0,-1.0,-1.0,-1.0,-1.0,-1.0,-1.0,-1.0,-1.0,-1.0,-1.0,-1.0,-1.0,-1.0,-1.0,-1.0,-1.0,-1.0,-1.0,-1.0,-1.0,-1.0,-1.0,-1.0,-1.0,29
2024-03-18 21:25:00,-1.0,-1.0,-1.0,-1.0,-1.0,-1.0,-1.0,-1.0,-1.0,-1.0,-1.0,-1.0,-1.0,-1.0,-1.0,-1.0,-1.0,-1.0,-1.0,-1.0,-1.0,-1.0,-1.0,-1.0,-1.0,-1.0,29
2024-03-18 21:30:00,-1.0,-1.0,-1.0,-1.0,-1.0,-1.0,-1.0,-1.0,-1.0,-1.0,-1.0,-1.0,-1.0,-1.0,-1.0,-1.0,-1.0,-1.0,-1.0,-1.0,-1.0,-1.0,-1.0,-1.0,-1.0,-1.0,29
2024-03-18 21:35:00,-1.0,-1.0,-1.0,-1.0,-1.0,-1.0,-1.0,-1.0,-1.0,-1.0,-1.0,-1.0,-1.0,-1.0,-1.0,-1.0,-1.0,-1.0,-1.0,-1.0,-1.0,-1.0,-1.0,-1.0,-1.0,-1.0,29
2024-03-18 21:40:00,-1.0,-1.0,-1.0,-1.0,-1.0,-1.0,-1.0,-1.0,-1.0,-1.0,-1.0,-1.0,-1.0,-1.0,-1.0,-1.0,-1.0,-1.0,-1.0,-1.0,-1.0,-1.0,-1.0,-1.0,-1.0,-1.0,29
2024-03-18 21:45:00,-1.0,-1.0,-1.0,-1.0,-1.0,-1.0,-1.0,-1.0,-1.0,-1.0,-1.0,-1.0,-1.0,-1.0,-1.0,-1.0,-1.0,-1.0,-1.0,-1.0,-1.0,-1.0,-1.0,-1.0,-1.0,-1.0,29
2024-03-18 21:50:00,-1.0,-1.0,-1.0,-1.0,-1.0,-1.0,-1.0,-1.0,-1.0,-1.0,-1.0,-1.0,-1.0,-1.0,-1.0,-1.0,-1.0,-1.0,-1.0,-1.0,-1.0,-1.0,-1.0,-1.0,-1.0,-1.0,29
2024-03-18 21:55:00,-1.0,-1.0,-1.0,-1.0,-1.0,-1.0,-1.0,-1.0,-1.0,-1.0,-1.0,-1.0,-1.0,-1.0,-1.0,-1.0,-1.0,-1.0,-1.0,-1.0,-1.0,-1.0,-1.0,-1.0,-1.0,-1.0,29
2024-03-18 22:00:00,-1.0,-1.0,-1.0,-1.0,-1.0,-1.0,-1.0,-1.0,-1.0,-1.0,-1.0,-1.0,-1.0,-1.0,-1.0,-1.0,-1.0,-1.0,-1.0,-1.0,-1.0,-1.0,-1.0,-1.0,-1.0,-1.0,29
2024-03-18 22:05:00,-1.0,-1.0,-1.0,-1.0,-1.0,-1.0,-1.0,-1.0,-1.0,-1.0,-1.0,-1.0,-1.0,-1.0,-1.0,-1.0,-1.0,-1.0,-1.0,-1.0,-1.0,-1.0,-1.0,-1.0,-1.0,-1.0,29
2024-03-18 22:10:00,-1.0,-1.0,-1.0,-1.0,-1.0,-1.0,-1.0,-1.0,-1.0,-1.0,-1.0,-1.0,-1.0,-1.0,-1.0,-1.0,-1.0,-1.0,-1.0,-1.0,-1.0,-1.0,-1.0,-1.0,-1.0,-1.0,29
2024-03-18 22:15:00,-1.0,-1.0,-1.0,-1.0,-1.0,-1.0,-1.0,-1.0,-1.0,-1.0,-1.0,-1.0,-1.0,-1.0,-1.0,-1.0,-1.0,-1.0,-1.0,-1.0,-1.0,-1.0,-1.0,-1.0,-1.0,-1.0,29
2024-03-18 22:20:00,-1.0,-1.0,-1.0,-1.0,-1.0,-1.0,-1.0,-1.0,-1.0,-1.0,-1.0,-1.0,-1.0,-1.0,-1.0,-1.0,-1.0,-1.0,-1.0,-1.0,-1.0,-1.0,-1.0,-1.0,-1.0,-1.0,29
2024-03-18 22:25:00,-1.0,-1.0,-1.0,-1.0,-1.0,-1.0,-1.0,-1.0,-1.0,-1.0,-1.0,-1.0,-1.0,-1.0,-1.0,-1.0,-1.0,-1.0,-1.0,-1.0,-1.0,-1.0,-1.0,-1.0,-1.0,-1.0,29
2024-03-18 22:30:00,-1.0,-1.0,-1.0,-1.0,-1.0,-1.0,-1.0,-1.0,-1.0,-1.0,-1.0,-1.0,-1.0,-1.0,-1.0,-1.0,-1.0,-1.0,-1.0,-1.0,-1.0,-1.0,-1.0,-1.0,-1.0,-1.0,29
2024-03-18 22:35:00,-1.0,-1.0,-1.0,-1.0,-1.0,-1.0,-1.0,-1.0,-1.0,-1.0,-1.0,-1.0,-1.0,-1.0,-1.0,-1.0,-1.0,-1.0,-1.0,-1.0,-1.0,-1.0,-1.0,-1.0,-1.0,-1.0,29
2024-03-18 22:40:00,-1.0,-1.0,-1.0,-1.0,-1.0,-1.0,-1.0,-1.0,-1.0,-1.0,-1.0,-1.0,-1.0,-1.0,-1.0,-1.0,-1.0,-1.0,-1.0,-1.0,-1.0,-1.0,-1.0,-1.0,-1.0,-1.0,29
2024-03-18 22:45:00,-1.0,-1.0,-1.0,-1.0,-1.0,-1.0,-1.0,-1.0,-1.0,-1.0,-1.0,-1.0,-1.0,-1.0,-1.0,-1.0,-1.0,-1.0,-1.0,-1.0,-1.0,-1.0,-1.0,-1.0,-1.0,-1.0,29
2024-03-18 22:50:00,-1.0,-1.0,-1.0,-1.0,-1.0,-1.0,-1.0,-1.0,-1.0,-1.0,-1.0,-1.0,-1.0,-1.0,-1.0,-1.0,-1.0,-1.0,-1.0,-1.0,-1.0,-1.0,-1.0,-1.0,-1.0,-1.0,29
2024-03-18 22:55:00,-1.0,-1.0,-1.0,-1.0,-1.0,-1.0,-1.0,-1.0,-1.0,-1.0,-1.0,-1.0,-1.0,-1.0,-1.0,-1.0,-1.0,-1.0,-1.0,-1.0,-1.0,-1.0,-1.0,-1.0,-1.0,-1.0,29
2024-03-18 23:00:00,-1.0,-1.0,-1.0,-1.0,-1.0,-1.0,-1.0,-1.0,-1.0,-1.0,-1.0,-1.0,-1.0,-1.0,-1.0,-1.0,-1.0,-1.0,-1.0,-1.0,-1.0,-1.0,-1.0,-1.0,-1.0,-1.0,29
2024-03-18 23:05:00,-1.0,-1.0,-1.0,-1.0,-1.0,-1.0,-1.0,-1.0,-1.0,-1.0,-1.0,-1.0,-1.0,-1.0,-1.0,-1.0,-1.0,-1.0,-1.0,-1.0,-1.0,-1.0,-1.0,-1.0,-1.0,-1.0,29
2024-03-18 23:10:00,-1.0,-1.0,-1.0,-1.0,-1.0,-1.0,-1.0,-1.0,-1.0,-1.0,-1.0,-1.0,-1.0,-1.0,-1.0,-1.0,-1.0,-1.0,-1.0,-1.0,-1.0,-1.0,-1.0,-1.0,-1.0,-1.0,29
2024-03-18 23:15:00,-1.0,-1.0,-1.0,-1.0,-1.0,-1.0,-1.0,-1.0,-1.0,-1.0,-1.0,-1.0,-1.0,-1.0,-1.0,-1.0,-1.0,-1.0,-1.0,-1.0,-1.0,-1.0,-1.0,-1.0,-1.0,-1.0,29
2024-03-18 23:20:00,-1.0,-1.0,-1.0,-1.0,-1.0,-1.0,-1.0,-1.0,-1.0,-1.0,-1.0,-1.0,-1.0,-1.0,-1.0,-1.0,-1.0,-1.0,-1.0,-1.0,-1.0,-1.0,-1.0,-1.0,-1.0,-1.0,29
2024-03-18 23:25:00,-1.0,-1.0,-1.0,-1.0,-1.0,-1.0,-1.0,-1.0,-1.0,-1.0,-1.0,-1.0,-1.0,-1.0,-1.0,-1.0,-1.0,-1.0,-1.0,-1.0,-1.0,-1.0,-1.0,-1.0,-1.0,-1.0,29
2024-03-18 23:30:00,-1.0,-1.0,-1.0,-1.0,-1.0,-1.0,-1.0,-1.0,-1.0,-1.0,-1.0,-1.0,-1.0,-1.0,-1.0,-1.0,-1.0,-1.0,-1.0,-1.0,-1.0,-1.0,-1.0,-1.0,-1.0,-1.0,29
2024-03-18 23:35:00,-1.0,-1.0,-1.0,-1.0,-1.0,-1.0,-1.0,-1.0,-1.0,-1.0,-1.0,-1.0,-1.0,-1.0,-1.0,-1.0,-1.0,-1.0,-1.0,-1.0,-1.0,-1.0,-1.0,-1.0,-1.0,-1.0,29
2024-03-18 23:40:00,-1.0,-1.0,-1.0,-1.0,-1.0,-1.0,-1.0,-1.0,-1.0,-1.0,-1.0,-1.0,-1.0,-1.0,-1.0,-1.0,-1.0,-1.0,-1.0,-1.0,-1.0,-1.0,-1.0,-1.0,-1.0,-1.0,29
2024-03-18 23:45:00,-1.0,-1.0,-1.0,-1.0,-1.0,-1.0,-1.0,-1.0,-1.0,-1.0,-1.0,-1.0,-1.0,-1.0,-1.0,-1.0,-1.0,-1.0,-1.0,-1.0,-1.0,-1.0,-1.0,-1.0,-1.0,-1.0,29
2024-03-18 23:50:00,-1.0,-1.0,-1.0,-1.0,-1.0,-1.0,-1.0,-1.0,-1.0,-1.0,-1.0,-1.0,-1.0,-1.0,-1.0,-1.0,-1.0,-1.0,-1.0,-1.0,-1.0,-1.0,-1.0,-1.0,-1.0,-1.0,29
2024-03-18 23:55:00,-1.0,-1.0,-1.0,-1.0,-1.0,-1.0,-1.0,-1.0,-1.0,-1.0,-1.0,-1.0,-1.0,-1.0,-1.0,-1.0,-1.0,-1.0,-1.0,-1.0,-1.0,-1.0,-1.0,-1.0,-1.0,-1.0,29
2024-03-18 00:00:00,-1.0,-1.0,-1.0,-1.0,-1.0,-1.0,-1.0,-1.0,-1.0,-1.0,-1.0,-1.0,-1.0,-1.0,-1.0,-1.0,-1.0,-1.0,-1.0,-1.0,-1.0,-1.0,-1.0,-1.0,-1.0,-1.0,30
2024-03-18 00:05:00,-1.0,-1.0,-1.0,-1.0,-1.0,-1.0,-1.0,-1.0,-1.0,-1.0,-1.0,-1.0,-1.0,-1.0,-1.0,-1.0,-1.0,-1.0,-1.0,-1.0,-1.0,-1.0,-1.0,-1.0,-1.0,-1.0,30
2024-03-18 00:10:00,-1.0,-1.0,-1.0,-1.0,-1.0,-1.0,-1.0,-1.0,-1.0,-1.0,-1.0,-1.0,-1.0,-1.0,-1.0,-1.0,-1.0,-1.0,-1.0,-1.0,-1.0,-1.0,-1.0,-1.0,-1.0,-1.0,30
2024-03-18 00:15:00,-1.0,-1.0,-1.0,-1.0,-1.0,-1.0,-1.0,-1.0,-1.0,-1.0,-1.0,-1.0,-1.0,-1.0,-1.0,-1.0,-1.0,-1.0,-1.0,-1.0,-1.0,-1.0,-1.0,-1.0,-1.0,-1.0,30
2024-03-18 00:20:00,-1.0,-1.0,-1.0,-1.0,-1.0,-1.0,-1.0,-1.0,-1.0,-1.0,-1.0,-1.0,-1.0,-1.0,-1.0,-1.0,-1.0,-1.0,-1.0,-1.0,-1.0,-1.0,-1.0,-1.0,-1.0,-1.0,30
2024-03-18 00:25:00,-1.0,-1.0,-1.0,-1.0,-1.0,-1.0,-1.0,-1.0,-1.0,-1.0,-1.0,-1.0,-1.0,-1.0,-1.0,-1.0,-1.0,-1.0,-1.0,-1.0,-1.0,-1.0,-1.0,-1.0,-1.0,-1.0,30
2024-03-18 00:30:00,-1.0,-1.0,-1.0,-1.0,-1.0,-1.0,-1.0,-1.0,-1.0,-1.0,-1.0,-1.0,-1.0,-1.0,-1.0,-1.0,-1.0,-1.0,-1.0,-1.0,-1.0,-1.0,-1.0,-1.0,-1.0,-1.0,30
2024-03-18 00:35:00,-1.0,-1.0,-1.0,-1.0,-1.0,-1.0,-1.0,-1.0,-1.0,-1.0,-1.0,-1.0,-1.0,-1.0,-1.0,-1.0,-1.0,-1.0,-1.0,-1.0,-1.0,-1.0,-1.0,-1.0,-1.0,-1.0,30
2024-03-18 00:40:00,-1.0,-1.0,-1.0,-1.0,-1.0,-1.0,-1.0,-1.0,-1.0,-1.0,-1.0,-1.0,-1.0,-1.0,-1.0,-1.0,-1.0,-1.0,-1.0,-1.0,-1.0,-1.0,-1.0,-1.0,-1.0,-1.0,30
2024-03-18 00:45:00,-1.0,-1.0,-1.0,-1.0,-1.0,-1.0,-1.0,-1.0,-1.0,-1.0,-1.0,-1.0,-1.0,-1.0,-1.0,-1.0,-1.0,-1.0,-1.0,-1.0,-1.0,-1.0,-1.0,-1.0,-1.0,-1.0,30
2024-03-18 00:50:00,-1.0,-1.0,-1.0,-1.0,-1.0,-1.0,-1.0,-1.0,-1.0,-1.0,-1.0,-1.0,-1.0,-1.0,-1.0,-1.0,-1.0,-1.0,-1.0,-1.0,-1.0,-1.0,-1.0,-1.0,-1.0,-1.0,30
2024-03-18 00:55:00,-1.0,-1.0,-1.0,-1.0,-1.0,-1.0,-1.0,-1.0,-1.0,-1.0,-1.0,-1.0,-1.0,-1.0,-1.0,-1.0,-1.0,-1.0,-1.0,-1.0,-1.0,-1.0,-1.0,-1.0,-1.0,-1.0,30
2024-03-18 01:00:00,-1.0,-1.0,-1.0,-1.0,-1.0,-1.0,-1.0,-1.0,-1.0,-1.0,-1.0,-1.0,-1.0,-1.0,-1.0,-1.0,-1.0,-1.0,-1.0,-1.0,-1.0,-1.0,-1.0,-1.0,-1.0,-1.0,30
2024-03-18 01:05:00,-1.0,-1.0,-1.0,-1.0,-1.0,-1.0,-1.0,-1.0,-1.0,-1.0,-1.0,-1.0,-1.0,-1.0,-1.0,-1.0,-1.0,-1.0,-1.0,-1.0,-1.0,-1.0,-1.0,-1.0,-1.0,-1.0,30
2024-03-18 01:10:00,-1.0,-1.0,-1.0,-1.0,-1.0,-1.0,-1.0,-1.0,-1.0,-1.0,-1.0,-1.0,-1.0,-1.0,-1.0,-1.0,-1.0,-1.0,-1.0,-1.0,-1.0,-1.0,-1.0,-1.0,-1.0,-1.0,30
2024-03-18 01:15:00,-1.0,-1.0,-1.0,-1.0,-1.0,-1.0,-1.0,-1.0,-1.0,-1.0,-1.0,-1.0,-1.0,-1.0,-1.0,-1.0,-1.0,-1.0,-1.0,-1.0,-1.0,-1.0,-1.0,-1.0,-1.0,-1.0,30
2024-03-18 01:20:00,-1.0,-1.0,-1.0,-1.0,-1.0,-1.0,-1.0,-1.0,-1.0,-1.0,-1.0,-1.0,-1.0,-1.0,-1.0,-1.0,-1.0,-1.0,-1.0,-1.0,-1.0,-1.0,-1.0,-1.0,-1.0,-1.0,30
2024-03-18 01:25:00,-1.0,-1.0,-1.0,-1.0,-1.0,-1.0,-1.0,-1.0,-1.0,-1.0,-1.0,-1.0,-1.0,-1.0,-1.0,-1.0,-1.0,-1.0,-1.0,-1.0,-1.0,-1.0,-1.0,-1.0,-1.0,-1.0,30
2024-03-18 01:30:00,-1.0,-1.0,-1.0,-1.0,-1.0,-1.0,-1.0,-1.0,-1.0,-1.0,-1.0,-1.0,-1.0,-1.0,-1.0,-1.0,-1.0,-1.0,-1.0,-1.0,-1.0,-1.0,-1.0,-1.0,-1.0,-1.0,30
2024-03-18 01:35:00,-1.0,-1.0,-1.0,-1.0,-1.0,-1.0,-1.0,-1.0,-1.0,-1.0,-1.0,-1.0,-1.0,-1.0,-1.0,-1.0,-1.0,-1.0,-1.0,-1.0,-1.0,-1.0,-1.0,-1.0,-1.0,-1.0,30
2024-03-18 01:40:00,-1.0,-1.0,-1.0,-1.0,-1.0,-1.0,-1.0,-1.0,-1.0,-1.0,-1.0,-1.0,-1.0,-1.0,-1.0,-1.0,-1.0,-1.0,-1.0,-1.0,-1.0,-1.0,-1.0,-1.0,-1.0,-1.0,30
2024-03-18 01:45:00,-1.0,-1.0,-1.0,-1.0,-1.0,-1.0,-1.0,-1.0,-1.0,-1.0,-1.0,-1.0,-1.0,-1.0,-1.0,-1.0,-1.0,-1.0,-1.0,-1.0,-1.0,-1.0,-1.0,-1.0,-1.0,-1.0,30
2024-03-18 01:50:00,-1.0,-1.0,-1.0,-1.0,-1.0,-1.0,-1.0,-1.0,-1.0,-1.0,-1.0,-1.0,-1.0,-1.0,-1.0,-1.0,-1.0,-1.0,-1.0,-1.0,-1.0,-1.0,-1.0,-1.0,-1.0,-1.0,30
2024-03-18 01:55:00,-1.0,-1.0,-1.0,-1.0,-1.0,-1.0,-1.0,-1.0,-1.0,-1.0,-1.0,-1.0,-1.0,-1.0,-1.0,-1.0,-1.0,-1.0,-1.0,-1.0,-1.0,-1.0,-1.0,-1.0,-1.0,-1.0,30
2024-03-18 02:00:00,-1.0,-1.0,-1.0,-1.0,-1.0,-1.0,-1.0,-1.0,-1.0,-1.0,-1.0,-1.0,-1.0,-1.0,-1.0,-1.0,-1.0,-1.0,-1.0,-1.0,-1.0,-1.0,-1.0,-1.0,-1.0,-1.0,30
2024-03-18 02:05:00,-1.0,-1.0,-1.0,-1.0,-1.0,-1.0,-1.0,-1.0,-1.0,-1.0,-1.0,-1.0,-1.0,-1.0,-1.0,-1.0,-1.0,-1.0,-1.0,-1.0,-1.0,-1.0,-1.0,-1.0,-1.0,-1.0,30
2024-03-18 02:10:00,-1.0,-1.0,-1.0,-1.0,-1.0,-1.0,-1.0,-1.0,-1.0,-1.0,-1.0,-1.0,-1.0,-1.0,-1.0,-1.0,-1.0,-1.0,-1.0,-1.0,-1.0,-1.0,-1.0,-1.0,-1.0,-1.0,30
2024-03-18 02:15:00,-1.0,-1.0,-1.0,-1.0,-1.0,-1.0,-1.0,-1.0,-1.0,-1.0,-1.0,-1.0,-1.0,-1.0,-1.0,-1.0,-1.0,-1.0,-1.0,-1.0,-1.0,-1.0,-1.0,-1.0,-1.0,-1.0,30
2024-03-18 02:20:00,-1.0,-1.0,-1.0,-1.0,-1.0,-1.0,-1.0,-1.0,-1.0,-1.0,-1.0,-1.0,-1.0,-1.0,-1.0,-1.0,-1.0,-1.0,-1.0,-1.0,-1.0,-1.0,-1.0,-1.0,-1.0,-1.0,30
2024-03-18 02:25:00,-1.0,-1.0,-1.0,-1.0,-1.0,-1.0,-1.0,-1.0,-1.0,-1.0,-1.0,-1.0,-1.0,-1.0,-1.0,-1.0,-1.0,-1.0,-1.0,-1.0,-1.0,-1.0,-1.0,-1.0,-1.0,-1.0,30
2024-03-18 02:30:00,-1.0,-1.0,-1.0,-1.0,-1.0,-1.0,-1.0,-1.0,-1.0,-1.0,-1.0,-1.0,-1.0,-1.0,-1.0,-1.0,-1.0,-1.0,-1.0,-1.0,-1.0,-1.0,-1.0,-1.0,-1.0,-1.0,30
2024-03-18 02:35:00,-1.0,-1.0,-1.0,-1.0,-1.0,-1.0,-1.0,-1.0,-1.0,-1.0,-1.0,-1.0,-1.0,-1.0,-1.0,-1.0,-1.0,-1.0,-1.0,-1.0,-1.0,-1.0,-1.0,-1.0,-1.0,-1.0,30
2024-03-18 02:40:00,-1.0,-1.0,-1.0,-1.0,-1.0,-1.0,-1.0,-1.0,-1.0,-1.0,-1.0,-1.0,-1.0,-1.0,-1.0,-1.0,-1.0,-1.0,-1.0,-1.0,-1.0,-1.0,-1.0,-1.0,-1.0,-1.0,30
2024-03-18 02:45:00,-1.0,-1.0,-1.0,-1.0,-1.0,-1.0,-1.0,-1.0,-1.0,-1.0,-1.0,-1.0,-1.0,-1.0,-1.0,-1.0,-1.0,-1.0,-1.0,-1.0,-1.0,-1.0,-1.0,-1.0,-1.0,-1.0,30
2024-03-18 02:50:00,-1.0,-1.0,-1.0,-1.0,-1.0,-1.0,-1.0,-1.0,-1.0,-1.0,-1.0,-1.0,-1.0,-1.0,-1.0,-1.0,-1.0,-1.0,-1.0,-1.0,-1.0,-1.0,-1.0,-1.0,-1.0,-1.0,30
2024-03-18 02:55:00,-1.0,-1.0,-1.0,-1.0,-1.0,-1.0,-1.0,-1.0,-1.0,-1.0,-1.0,-1.0,-1.0,-1.0,-1.0,-1.0,-1.0,-1.0,-1.0,-1.0,-1.0,-1.0,-1.0,-1.0,-1.0,-1.0,30
2024-03-18 03:00:00,-1.0,-1.0,-1.0,-1.0,-1.0,-1.0,-1.0,-1.0,-1.0,-1.0,-1.0,-1.0,-1.0,-1.0,-1.0,-1.0,-1.0,-1.0,-1.0,-1.0,-1.0,-1.0,-1.0,-1.0,-1.0,-1.0,30
2024-03-18 03:05:00,-1.0,-1.0,-1.0,-1.0,-1.0,-1.0,-1.0,-1.0,-1.0,-1.0,-1.0,-1.0,-1.0,-1.0,-1.0,-1.0,-1.0,-1.0,-1.0,-1.0,-1.0,-1.0,-1.0,-1.0,-1.0,-1.0,30
2024-03-18 03:10:00,-1.0,-1.0,-1.0,-1.0,-1.0,-1.0,-1.0,-1.0,-1.0,-1.0,-1.0,-1.0,-1.0,-1.0,-1.0,-1.0,-1.0,-1.0,-1.0,-1.0,-1.0,-1.0,-1.0,-1.0,-1.0,-1.0,30
2024-03-18 03:15:00,-1.0,-1.0,-1.0,-1.0,-1.0,-1.0,-1.0,-1.0,-1.0,-1.0,-1.0,-1.0,-1.0,-1.0,-1.0,-1.0,-1.0,-1.0,-1.0,-1.0,-1.0,-1.0,-1.0,-1.0,-1.0,-1.0,30
2024-03-18 03:20:00,-1.0,-1.0,-1.0,-1.0,-1.0,-1.0,-1.0,-1.0,-1.0,-1.0,-1.0,-1.0,-1.0,-1.0,-1.0,-1.0,-1.0,-1.0,-1.0,-1.0,-1.0,-1.0,-1.0,-1.0,-1.0,-1.0,30
2024-03-18 03:25:00,-1.0,-1.0,-1.0,-1.0,-1.0,-1.0,-1.0,-1.0,-1.0,-1.0,-1.0,-1.0,-1.0,-1.0,-1.0,-1.0,-1.0,-1.0,-1.0,-1.0,-1.0,-1.0,-1.0,-1.0,-1.0,-1.0,30
2024-03-18 03:30:00,-1.0,-1.0,-1.0,-1.0,-1.0,-1.0,-1.0,-1.0,-1.0,-1.0,-1.0,-1.0,-1.0,-1.0,-1.0,-1.0,-1.0,-1.0,-1.0,-1.0,-1.0,-1.0,-1.0,-1.0,-1.0,-1.0,30
2024-03-18 03:35:00,-1.0,-1.0,-1.0,-1.0,-1.0,-1.0,-1.0,-1.0,-1.0,-1.0,-1.0,-1.0,-1.0,-1.0,-1.0,-1.0,-1.0,-1.0,-1.0,-1.0,-1.0,-1.0,-1.0,-1.0,-1.0,-1.0,30
2024-03-18 03:40:00,-1.0,-1.0,-1.0,-1.0,-1.0,-1.0,-1.0,-1.0,-1.0,-1.0,-1.0,-1.0,-1.0,-1.0,-1.0,-1.0,-1.0,-1.0,-1.0,-1.0,-1.0,-1.0,-1.0,-1.0,-1.0,-1.0,30
2024-03-18 03:45:00,-1.0,-1.0,-1.0,-1.0,-1.0,-1.0,-1.0,-1.0,-1.0,-1.0,-1.0,-1.0,-1.0,-1.0,-1.0,-1.0,-1.0,-1.0,-1.0,-1.0,-1.0,-1.0,-1.0,-1.0,-1.0,-1.0,30
2024-03-18 03:50:00,-1.0,-1.0,-1.0,-1.0,-1.0,-1.0,-1.0,-1.0,-1.0,-1.0,-1.0,-1.0,-1.0,-1.0,-1.0,-1.0,-1.0,-1.0,-1.0,-1.0,-1.0,-1.0,-1.0,-1.0,-1.0,-1.0,30
2024-03-18 03:55:00,-1.0,-1.0,-1.0,-1.0,-1.0,-1.0,-1.0,-1.0,-1.0,-1.0,-1.0,-1.0,-1.0,-1.0,-1.0,-1.0,-1.0,-1.0,-1.0,-1.0,-1.0,-1.0,-1.0,-1.0,-1.0,-1.0,30
2024-03-18 04:00:00,-1.0,-1.0,-1.0,-1.0,-1.0,-1.0,-1.0,-1.0,-1.0,-1.0,-1.0,-1.0,-1.0,-1.0,-1.0,-1.0,-1.0,-1.0,-1.0,-1.0,-1.0,-1.0,-1.0,-1.0,-1.0,-1.0,30
2024-03-18 04:05:00,-1.0,-1.0,-1.0,-1.0,-1.0,-1.0,-1.0,-1.0,-1.0,-1.0,-1.0,-1.0,-1.0,-1.0,-1.0,-1.0,-1.0,-1.0,-1.0,-1.0,-1.0,-1.0,-1.0,-1.0,-1.0,-1.0,30
2024-03-18 04:10:00,-1.0,-1.0,-1.0,-1.0,-1.0,-1.0,-1.0,-1.0,-1.0,-1.0,-1.0,-1.0,-1.0,-1.0,-1.0,-1.0,-1.0,-1.0,-1.0,-1.0,-1.0,-1.0,-1.0,-1.0,-1.0,-1.0,30
2024-03-18 04:15:00,-1.0,-1.0,-1.0,-1.0,-1.0,-1.0,-1.0,-1.0,-1.0,-1.0,-1.0,-1.0,-1.0,-1.0,-1.0,-1.0,-1.0,-1.0,-1.0,-1.0,-1.0,-1.0,-1.0,-1.0,-1.0,-1.0,30
2024-03-18 04:20:00,-1.0,-1.0,-1.0,-1.0,-1.0,-1.0,-1.0,-1.0,-1.0,-1.0,-1.0,-1.0,-1.0,-1.0,-1.0,-1.0,-1.0,-1.0,-1.0,-1.0,-1.0,-1.0,-1.0,-1.0,-1.0,-1.0,30
2024-03-18 04:25:00,-1.0,-1.0,-1.0,-1.0,-1.0,-1.0,-1.0,-1.0,-1.0,-1.0,-1.0,-1.0,-1.0,-1.0,-1.0,-1.0,-1.0,-1.0,-1.0,-1.0,-1.0,-1.0,-1.0,-1.0,-1.0,-1.0,30
2024-03-18 04:30:00,-1.0,-1.0,-1.0,-1.0,-1.0,-1.0,-1.0,-1.0,-1.0,-1.0,-1.0,-1.0,-1.0,-1.0,-1.0,-1.0,-1.0,-1.0,-1.0,-1.0,-1.0,-1.0,-1.0,-1.0,-1.0,-1.0,30
2024-03-18 04:35:00,-1.0,-1.0,-1.0,-1.0,-1.0,-1.0,-1.0,-1.0,-1.0,-1.0,-1.0,-1.0,-1.0,-1.0,-1.0,-1.0,-1.0,-1.0,-1.0,-1.0,-1.0,-1.0,-1.0,-1.0,-1.0,-1.0,30
2024-03-18 04:40:00,-1.0,-1.0,-1.0,-1.0,-1.0,-1.0,-1.0,-1.0,-1.0,-1.0,-1.0,-1.0,-1.0,-1.0,-1.0,-1.0,-1.0,-1.0,-1.0,-1.0,-1.0,-1.0,-1.0,-1.0,-1.0,-1.0,30
2024-03-18 04:45:00,-1.0,-1.0,-1.0,-1.0,-1.0,-1.0,-1.0,-1.0,-1.0,-1.0,-1.0,-1.0,-1.0,-1.0,-1.0,-1.0,-1.0,-1.0,-1.0,-1.0,-1.0,-1.0,-1.0,-1.0,-1.0,-1.0,30
2024-03-18 04:50:00,-1.0,-1.0,-1.0,-1.0,-1.0,-1.0,-1.0,-1.0,-1.0,-1.0,-1.0,-1.0,-1.0,-1.0,-1.0,-1.0,-1.0,-1.0,-1.0,-1.0,-1.0,-1.0,-1.0,-1.0,-1.0,-1.0,30
2024-03-18 04:55:00,-1.0,-1.0,-1.0,-1.0,-1.0,-1.0,-1.0,-1.0,-1.0,-1.0,-1.0,-1.0,-1.0,-1.0,-1.0,-1.0,-1.0,-1.0,-1.0,-1.0,-1.0,-1.0,-1.0,-1.0,-1.0,-1.0,30
2024-03-18 05:00:00,-1.0,-1.0,-1.0,-1.0,-1.0,-1.0,-1.0,-1.0,-1.0,-1.0,-1.0,-1.0,-1.0,-1.0,-1.0,-1.0,-1.0,-1.0,-1.0,-1.0,-1.0,-1.0,-1.0,-1.0,-1.0,-1.0,30
2024-03-18 05:05:00,-1.0,-1.0,-1.0,-1.0,-1.0,-1.0,-1.0,-1.0,-1.0,-1.0,-1.0,-1.0,-1.0,-1.0,-1.0,-1.0,-1.0,-1.0,-1.0,-1.0,-1.0,-1.0,-1.0,-1.0,-1.0,-1.0,30
2024-03-18 05:10:00,-1.0,-1.0,-1.0,-1.0,-1.0,-1.0,-1.0,-1.0,-1.0,-1.0,-1.0,-1.0,-1.0,-1.0,-1.0,-1.0,-1.0,-1.0,-1.0,-1.0,-1.0,-1.0,-1.0,-1.0,-1.0,-1.0,30
2024-03-18 05:15:00,-1.0,-1.0,-1.0,-1.0,-1.0,-1.0,-1.0,-1.0,-1.0,-1.0,-1.0,-1.0,-1.0,-1.0,-1.0,-1.0,-1.0,-1.0,-1.0,-1.0,-1.0,-1.0,-1.0,-1.0,-1.0,-1.0,30
2024-03-18 05:20:00,-1.0,-1.0,-1.0,-1.0,-1.0,-1.0,-1.0,-1.0,-1.0,-1.0,-1.0,-1.0,-1.0,-1.0,-1.0,-1.0,-1.0,-1.0,-1.0,-1.0,-1.0,-1.0,-1.0,-1.0,-1.0,-1.0,30
2024-03-18 05:25:00,-1.0,-1.0,-1.0,-1.0,-1.0,-1.0,-1.0,-1.0,-1.0,-1.0,-1.0,-1.0,-1.0,-1.0,-1.0,-1.0,-1.0,-1.0,-1.0,-1.0,-1.0,-1.0,-1.0,-1.0,-1.0,-1.0,30
2024-03-18 05:30:00,-1.0,-1.0,-1.0,-1.0,-1.0,-1.0,-1.0,-1.0,-1.0,-1.0,-1.0,-1.0,-1.0,-1.0,-1.0,-1.0,-1.0,-1.0,-1.0,-1.0,-1.0,-1.0,-1.0,-1.0,-1.0,-1.0,30
2024-03-18 05:35:00,-1.0,-1.0,-1.0,-1.0,-1.0,-1.0,-1.0,-1.0,-1.0,-1.0,-1.0,-1.0,-1.0,-1.0,-1.0,-1.0,-1.0,-1.0,-1.0,-1.0,-1.0,-1.0,-1.0,-1.0,-1.0,-1.0,30
2024-03-18 05:40:00,-1.0,-1.0,-1.0,-1.0,-1.0,-1.0,-1.0,-1.0,-1.0,-1.0,-1.0,-1.0,-1.0,-1.0,-1.0,-1.0,-1.0,-1.0,-1.0,-1.0,-1.0,-1.0,-1.0,-1.0,-1.0,-1.0,30
2024-03-18 05:45:00,-1.0,-1.0,-1.0,-1.0,-1.0,-1.0,-1.0,-1.0,-1.0,-1.0,-1.0,-1.0,-1.0,-1.0,-1.0,-1.0,-1.0,-1.0,-1.0,-1.0,-1.0,-1.0,-1.0,-1.0,-1.0,-1.0,30
2024-03-18 05:50:00,-1.0,-1.0,-1.0,-1.0,-1.0,-1.0,-1.0,-1.0,-1.0,-1.0,-1.0,-1.0,-1.0,-1.0,-1.0,-1.0,-1.0,-1.0,-1.0,-1.0,-1.0,-1.0,-1.0,-1.0,-1.0,-1.0,30
2024-03-18 05:55:00,-1.0,-1.0,-1.0,-1.0,-1.0,-1.0,-1.0,-1.0,-1.0,-1.0,-1.0,-1.0,-1.0,-1.0,-1.0,-1.0,-1.0,-1.0,-1.0,-1.0,-1.0,-1.0,-1.0,-1.0,-1.0,-1.0,30
2024-03-18 06:00:00,-1.0,-1.0,-1.0,-1.0,-1.0,-1.0,-1.0,-1.0,-1.0,-1.0,-1.0,-1.0,-1.0,-1.0,-1.0,-1.0,-1.0,-1.0,-1.0,-1.0,-1.0,-1.0,-1.0,-1.0,-1.0,-1.0,30
2024-03-18 06:05:00,-1.0,-1.0,-1.0,-1.0,-1.0,-1.0,-1.0,-1.0,-1.0,-1.0,-1.0,-1.0,-1.0,-1.0,-1.0,-1.0,-1.0,-1.0,-1.0,-1.0,-1.0,-1.0,-1.0,-1.0,-1.0,-1.0,30
2024-03-18 06:10:00,-1.0,-1.0,-1.0,-1.0,-1.0,-1.0,-1.0,-1.0,-1.0,-1.0,-1.0,-1.0,-1.0,-1.0,-1.0,-1.0,-1.0,-1.0,-1.0,-1.0,-1.0,-1.0,-1.0,-1.0,-1.0,-1.0,30
2024-03-18 06:15:00,-1.0,-1.0,-1.0,-1.0,-1.0,-1.0,-1.0,-1.0,-1.0,-1.0,-1.0,-1.0,-1.0,-1.0,-1.0,-1.0,-1.0,-1.0,-1.0,-1.0,-1.0,-1.0,-1.0,-1.0,-1.0,-1.0,30
2024-03-18 06:20:00,-1.0,-1.0,-1.0,-1.0,-1.0,-1.0,-1.0,-1.0,-1.0,-1.0,-1.0,-1.0,-1.0,-1.0,-1.0,-1.0,-1.0,-1.0,-1.0,-1.0,-1.0,-1.0,-1.0,-1.0,-1.0,-1.0,30
2024-03-18 06:25:00,-1.0,-1.0,-1.0,-1.0,-1.0,-1.0,-1.0,-1.0,-1.0,-1.0,-1.0,-1.0,-1.0,-1.0,-1.0,-1.0,-1.0,-1.0,-1.0,-1.0,-1.0,-1.0,-1.0,-1.0,-1.0,-1.0,30
2024-03-18 06:30:00,-1.0,-1.0,-1.0,-1.0,-1.0,-1.0,-1.0,-1.0,-1.0,-1.0,-1.0,-1.0,-1.0,-1.0,-1.0,-1.0,-1.0,-1.0,-1.0,-1.0,-1.0,-1.0,-1.0,-1.0,-1.0,-1.0,30
2024-03-18 06:35:00,-1.0,-1.0,-1.0,-1.0,-1.0,-1.0,-1.0,-1.0,-1.0,-1.0,-1.0,-1.0,-1.0,-1.0,-1.0,-1.0,-1.0,-1.0,-1.0,-1.0,-1.0,-1.0,-1.0,-1.0,-1.0,-1.0,30
2024-03-18 06:40:00,-1.0,-1.0,-1.0,-1.0,-1.0,-1.0,-1.0,-1.0,-1.0,-1.0,-1.0,-1.0,-1.0,-1.0,-1.0,-1.0,-1.0,-1.0,-1.0,-1.0,-1.0,-1.0,-1.0,-1.0,-1.0,-1.0,30
2024-03-18 06:45:00,-1.0,-1.0,-1.0,-1.0,-1.0,-1.0,-1.0,-1.0,-1.0,-1.0,-1.0,-1.0,-1.0,-1.0,-1.0,-1.0,-1.0,-1.0,-1.0,-1.0,-1.0,-1.0,-1.0,-1.0,-1.0,-1.0,30
2024-03-18 06:50:00,-1.0,-1.0,-1.0,-1.0,-1.0,-1.0,-1.0,-1.0,-1.0,-1.0,-1.0,-1.0,-1.0,-1.0,-1.0,-1.0,-1.0,-1.0,-1.0,-1.0,-1.0,-1.0,-1.0,-1.0,-1.0,-1.0,30
2024-03-18 06:55:00,-1.0,-1.0,-1.0,-1.0,-1.0,-1.0,-1.0,-1.0,-1.0,-1.0,-1.0,-1.0,-1.0,-1.0,-1.0,-1.0,-1.0,-1.0,-1.0,-1.0,-1.0,-1.0,-1.0,-1.0,-1.0,-1.0,30
2024-03-18 07:00:00,-1.0,-1.0,-1.0,-1.0,-1.0,-1.0,-1.0,-1.0,-1.0,-1.0,-1.0,-1.0,-1.0,-1.0,-1.0,-1.0,-1.0,-1.0,-1.0,-1.0,-1.0,-1.0,-1.0,-1.0,-1.0,-1.0,30
2024-03-18 07:05:00,-1.0,-1.0,-1.0,-1.0,-1.0,-1.0,-1.0,-1.0,-1.0,-1.0,-1.0,-1.0,-1.0,-1.0,-1.0,-1.0,-1.0,-1.0,-1.0,-1.0,-1.0,-1.0,-1.0,-1.0,-1.0,-1.0,30
2024-03-18 07:10:00,-1.0,-1.0,-1.0,-1.0,-1.0,-1.0,-1.0,-1.0,-1.0,-1.0,-1.0,-1.0,-1.0,-1.0,-1.0,-1.0,-1.0,-1.0,-1.0,-1.0,-1.0,-1.0,-1.0,-1.0,-1.0,-1.0,30
2024-03-18 07:15:00,-1.0,-1.0,-1.0,-1.0,-1.0,-1.0,-1.0,-1.0,-1.0,-1.0,-1.0,-1.0,-1.0,-1.0,-1.0,-1.0,-1.0,-1.0,-1.0,-1.0,-1.0,-1.0,-1.0,-1.0,-1.0,-1.0,30
2024-03-18 07:20:00,-1.0,-1.0,-1.0,-1.0,-1.0,-1.0,-1.0,-1.0,-1.0,-1.0,-1.0,-1.0,-1.0,-1.0,-1.0,-1.0,-1.0,-1.0,-1.0,-1.0,-1.0,-1.0,-1.0,-1.0,-1.0,-1.0,30
2024-03-18 07:25:00,-1.0,-1.0,-1.0,-1.0,-1.0,-1.0,-1.0,-1.0,-1.0,-1.0,-1.0,-1.0,-1.0,-1.0,-1.0,-1.0,-1.0,-1.0,-1.0,-1.0,-1.0,-1.0,-1.0,-1.0,-1.0,-1.0,30
2024-03-18 07:30:00,0.0,0.0,0.0,0.0,-11.917,-4.0,-4.042,-3.875,11.333,3.792,3.875,3.667,278.704,278.781,278.953,0.014,0.014,0.013,60.009,3.542,2.854,673.301,673.327,0.006,0.005,1107936.833,30
2024-03-18 07:35:00,34.433,11.567,11.533,11.333,-66.267,-22.733,-22.8,-20.733,75.2,25.6,25.7,23.9,277.925,278.141,278.14,0.093,0.094,0.087,59.997,43.867,38.05,628.101,625.217,0.08,0.07,483948.0,30
2024-03-18 07:40:00,237.133,79.267,79.533,78.333,-139.067,-47.233,-48.467,-43.367,275.8,92.633,93.367,89.8,278.3,278.493,278.384,0.336,0.338,0.326,59.989,164.333,147.7,624.535,616.03,0.264,0.24,483948.0,30
2024-03-18 07:45:00,242.833,81.0,81.267,80.567,-139.767,-46.667,-48.8,-44.3,279.433,93.3,94.733,91.4,278.446,278.61,278.919,0.336,0.342,0.33,59.996,168.533,149.783,631.54,632.364,0.269,0.239,483948.0,30
2024-03-18 07:50:00,527.633,176.35,176.883,174.4,-138.5,-46.967,-48.367,-43.167,545.167,182.267,183.383,179.517,278.633,278.637,279.041,0.656,0.66,0.646,59.997,300.35,275.483,649.946,652.956,0.464,0.423,483948.0,30
2024-03-18 07:55:00,1166.9,392.35,389.917,384.633,-105.433,-38.1,-36.233,-31.1,1170.033,393.45,391.083,385.5,279.226,279.065,279.435,1.412,1.404,1.382,59.991,611.85,568.517,678.678,681.396,0.898,0.83,483948.0,30
2024-03-18 08:00:00,1567.217,526.75,523.533,516.933,-74.467,-27.967,-25.633,-20.867,1567.25,526.783,523.533,516.933,279.806,279.528,279.871,1.884,1.875,1.849,59.997,810.1,769.6,686.802,699.987,1.182,1.101,483948.0,30
2024-03-18 08:05:00,1286.45,430.983,430.183,425.283,-100.8,-35.433,-34.967,-30.4,1286.75,431.117,430.35,425.283,279.387,279.113,279.595,1.546,1.545,1.524,59.991,668.6,623.417,676.066,674.871,0.991,0.926,483948.0,30
2024-03-18 08:10:00,1505.833,505.383,503.233,497.217,-77.6,-28.267,-26.967,-22.367,1506.0,505.483,503.3,497.217,278.46,278.318,278.637,1.818,1.811,1.787,59.987,792.233,734.583,684.854,682.656,1.157,1.079,483948.0,30
2024-03-18 08:15:00,1747.9,586.933,583.217,577.75,-63.6,-23.9,-21.733,-17.967,1747.9,586.967,583.217,577.717,278.56,278.502,278.978,2.11,2.097,2.073,59.991,916.917,859.75,689.882,696.298,1.329,1.234,483948.0,30
2024-03-18 08:20:00,1422.833,477.05,475.5,470.283,-86.433,-30.967,-29.833,-25.633,1422.967,477.183,475.5,470.283,278.72,278.667,279.11,1.715,1.71,1.688,59.996,750.367,686.817,678.104,687.252,1.107,1.0,483948.0,30
2024-03-18 08:25:00,2855.35,957.683,950.667,947.0,-40.267,-15.667,-13.633,-10.967,2855.283,957.683,950.633,946.967,278.951,278.842,279.136,3.433,3.41,3.393,59.992,1498.7,1414.517,700.2,699.86,2.119,1.998,483948.0,30
2024-03-18 08:30:00,5764.45,1929.217,1915.717,1919.517,-6.9,-3.767,-1.1,-2.033,5764.283,1929.217,1915.617,1919.45,279.498,279.468,279.768,6.904,6.856,6.863,59.994,3001.633,2901.317,721.257,719.033,4.163,4.04,483948.0,30
2024-03-18 08:35:00,6257.617,2092.767,2080.15,2084.7,-6.933,-3.533,-1.233,-2.167,6257.517,2092.767,2080.05,2084.7,279.636,279.683,280.05,7.485,7.439,7.446,59.999,3247.183,3160.183,717.719,717.684,4.523,4.403,483948.0,30
2024-03-18 08:40:00,2831.083,947.717,943.9,939.467,-25.3,-9.9,-8.6,-6.8,2831.083,947.717,943.9,939.467,279.172,279.182,279.693,3.397,3.383,3.361,60.0,1492.317,1407.967,689.695,696.398,2.162,2.021,483948.0,30
2024-03-18 08:45:00,5596.767,1872.917,1859.917,1863.933,-8.7,-4.3,-1.833,-2.567,5596.517,1872.917,1859.667,1863.933,279.945,279.746,280.255,6.69,6.647,6.651,59.998,2918.383,2815.567,708.785,712.314,4.107,3.943,483948.0,30
2024-03-18 08:50:00,7924.383,2650.317,2631.783,2642.283,-5.0,-2.867,-0.2,-1.933,7923.917,2650.317,2631.317,2642.283,280.441,280.179,280.755,9.452,9.393,9.412,60.0,4097.683,3993.55,713.234,715.874,5.749,5.583,483948.0,30
2024-03-18 08:55:00,10883.8,3636.817,3614.283,3632.7,-4.233,-2.167,-0.1,-1.967,10882.7,3636.817,3613.25,3632.633,280.922,280.729,281.461,12.947,12.872,12.907,60.008,5602.267,5494.9,717.558,719.936,7.813,7.635,483948.0,30
2024-03-18 09:00:00,10420.117,3481.6,3461.267,3477.25,-4.5,-2.267,-0.233,-2.0,10419.383,3481.567,3460.633,3477.183,280.117,279.956,280.606,12.421,12.353,12.383,59.998,5392.117,5240.567,712.259,712.4,7.547,7.346,483948.0,30
2024-03-18 09:05:00,5627.917,1883.0,1870.55,1874.367,-8.067,-4.0,-2.0,-2.067,5627.75,1882.933,1870.483,1874.333,279.0,278.914,279.349,6.751,6.708,6.712,59.99,2943.283,2808.3,702.091,704.715,4.194,3.986,483948.0,30
2024-03-18 09:10:00,5465.717,1829.117,1816.717,1819.883,-8.333,-4.267,-2.0,-2.067,5465.55,1829.117,1816.583,1819.85,279.175,279.104,279.582,6.552,6.509,6.51,60.004,2866.05,2725.617,703.349,705.418,4.075,3.865,483948.0,30
2024-03-18 09:15:00,4601.617,1540.8,1528.917,1531.9,-10.0,-5.067,-2.033,-2.9,4601.55,1540.833,1528.85,1531.867,278.977,278.794,279.472,5.525,5.485,5.482,60.007,2429.117,2283.417,696.24,700.821,3.491,3.26,483948.0,30
2024-03-18 09:20:00,4458.217,1492.667,1481.917,1483.633,-11.467,-5.4,-2.733,-3.333,4458.35,1492.733,1481.95,1483.667,279.935,279.654,280.273,5.334,5.301,5.296,59.999,2353.55,2214.617,685.795,690.13,3.434,3.211,483948.0,30
2024-03-18 09:25:00,5253.067,1757.117,1746.45,1749.5,-7.867,-4.033,-1.667,-2.167,5253.0,1757.117,1746.383,1749.5,280.646,280.281,280.85,6.261,6.23,6.229,60.014,2759.767,2603.567,695.279,691.0,3.964,3.776,483948.0,30
2024-03-18 09:30:00,11137.017,3721.533,3699.367,3716.117,-5.6,-2.967,-0.6,-2.033,11106.083,3711.483,3688.75,3705.85,282.466,282.263,282.836,13.163,13.094,13.124,60.001,5726.05,5572.967,706.468,707.078,8.104,7.881,483948.0,30
2024-03-18 09:35:00,6864.467,2293.733,2282.967,2287.767,-6.533,-2.967,-1.267,-2.3,6864.5,2293.733,2282.9,2287.867,281.468,281.731,282.075,8.151,8.105,8.112,60.011,3589.067,3431.717,694.048,698.131,5.173,4.917,483948.0,30
2024-03-18 09:40:00,6823.217,2280.083,2269.65,2273.483,-7.367,-3.4,-1.867,-2.1,6823.183,2280.083,2269.617,2273.483,281.089,281.336,281.656,8.113,8.069,8.073,60.008,3563.683,3397.717,694.287,696.702,5.135,4.88,483948.0,30
2024-03-18 09:45:00,6704.017,2241.15,2229.767,2233.1,-7.5,-3.533,-1.967,-2.0,6704.017,2241.15,2229.767,2233.1,280.263,280.344,280.675,7.998,7.955,7.958,60.005,3501.4,3334.883,694.77,698.247,5.041,4.778,483948.0,30
2024-03-18 09:50:00,7071.267,2363.033,2350.883,2357.35,-6.267,-3.0,-1.3,-1.967,7071.067,2363.033,2350.683,2357.35,281.083,281.042,281.628,8.408,8.366,8.373,60.017,3689.867,3518.867,688.397,691.304,5.366,5.094,483948.0,30
2024-03-18 09:55:00,8236.533,2754.0,2735.95,2746.583,-5.767,-3.267,-0.4,-2.1,8236.4,2754.0,2735.817,2746.583,281.16,281.079,281.622,9.798,9.735,9.755,59.998,4302.572,4089.322,699.614,704.174,6.151,5.808,483948.0,30
2024-03-18 10:00:00,9156.75,3060.933,3042.183,3053.633,-4.9,-2.767,-0.133,-2.0,9156.55,3060.933,3041.983,3053.633,280.664,280.621,281.139,10.908,10.842,10.863,59.983,4769.767,4565.117,697.648,702.37,6.839,6.501,483948.0,30
2024-03-18 10:05:00,7896.15,2640.583,2623.15,2632.417,-5.733,-3.467,-0.267,-2.0,7895.95,2640.583,2622.95,2632.417,280.443,280.24,280.897,9.417,9.361,9.373,59.989,4130.667,3927.733,691.621,701.136,5.974,5.604,483948.0,30
2024-03-18 10:10:00,7933.917,2654.017,2635.317,2644.583,-6.267,-3.567,-0.7,-2.0,7933.783,2654.017,2635.217,2644.55,280.646,280.321,280.943,9.458,9.403,9.415,59.986,4119.367,3973.067,686.262,700.114,6.009,5.676,483948.0,30
2024-03-18 10:15:00,8450.567,2825.183,2808.033,2817.35,-6.367,-3.3,-1.067,-2.0,8450.5,2825.183,2807.967,2817.35,281.108,281.035,281.583,10.052,9.993,10.006,60.009,4396.817,4214.15,696.809,699.838,6.311,6.023,483948.0,30
2024-03-18 10:20:00,11673.533,3899.9,3878.033,3895.6,-4.367,-2.167,-0.2,-2.0,11672.933,3899.867,3877.567,3895.5,282.025,281.835,282.578,13.828,13.758,13.785,60.01,6039.45,5856.467,693.837,694.663,8.733,8.452,483948.0,30
2024-03-18 10:25:00,12363.733,4129.617,4107.05,4127.067,-4.333,-2.267,0.0,-2.067,12363.333,4129.583,4106.717,4127.033,281.919,281.803,282.56,14.648,14.573,14.606,59.998,6413.133,6190.75,702.126,699.432,9.133,8.849,483948.0,30
2024-03-18 10:30:00,11966.85,3995.583,3977.6,3993.667,-4.0,-2.0,0.0,-2.0,11966.25,3995.583,3977.067,3993.6,281.861,281.791,282.338,14.176,14.113,14.144,59.99,6216.533,5992.333,694.106,695.588,8.958,8.617,483948.0,30
2024-03-18 10:35:00,12138.567,4052.25,4034.167,4052.15,-4.2,-2.0,-0.2,-2.0,12137.55,4052.15,4033.317,4052.083,282.377,282.312,282.944,14.351,14.287,14.322,60.007,6303.833,6082.083,690.866,695.618,9.131,8.743,483948.0,30
2024-03-18 10:40:00,17657.567,5894.617,5864.767,5898.183,-3.867,-1.833,-0.033,-2.0,17655.65,5894.15,5863.633,5897.867,282.54,282.308,283.136,20.846,20.755,20.814,60.002,9189.267,8839.4,695.122,694.695,13.217,12.751,483948.0,30
2024-03-18 10:45:00,13413.783,4477.567,4458.117,4478.1,-4.133,-1.9,-0.267,-1.967,13412.817,4477.467,4457.35,4478.0,281.98,281.878,282.563,15.874,15.809,15.843,59.999,6976.533,6721.867,690.605,687.194,10.098,9.781,483948.0,30
2024-03-18 10:50:00,16203.2,5407.533,5384.917,5410.75,-3.6,-1.667,0.0,-1.933,16201.75,5407.167,5384.067,5410.517,282.255,282.369,283.029,19.147,19.058,19.104,59.969,8416.05,8127.2,698.872,695.104,12.036,11.696,483948.0,30
2024-03-18 10:55:00,15892.067,5303.333,5281.75,5306.983,-3.933,-1.867,-0.033,-2.033,15890.283,5302.933,5280.7,5306.65,282.206,282.165,282.872,18.788,18.713,18.757,59.995,8258.267,7974.217,686.564,677.583,12.019,11.768,483948.0,30
2024-03-18 11:00:00,16212.8,5409.833,5388.683,5414.283,-3.867,-1.833,0.0,-2.033,16211.017,5409.367,5387.767,5413.883,282.101,282.075,282.726,19.167,19.092,19.139,60.018,8424.483,8127.933,682.694,688.413,12.345,11.812,483948.0,30
2024-03-18 11:05:00,18924.117,6315.917,6286.7,6321.5,-4.033,-1.867,-0.067,-2.1,18921.517,6315.217,6285.233,6321.067,283.003,282.916,283.712,22.299,22.201,22.26,60.002,9869.467,9501.517,655.217,712.211,15.084,13.338,483948.0,30
2024-03-18 11:10:00,22770.3,7591.45,7566.183,7612.667,-3.833,-1.6,-0.067,-2.167,22767.1,7590.35,7564.817,7611.933,283.934,283.986,284.974,26.716,26.622,26.692,59.983,11897.983,11447.333,642.315,671.332,18.808,17.449,483948.0,30
2024-03-18 11:15:00,14495.283,4834.683,4819.483,4841.117,-4.067,-1.8,-0.2,-2.067,14493.967,4834.333,4818.583,4841.05,282.357,282.509,283.277,17.12,17.055,17.088,59.983,7554.433,7276.217,669.711,671.694,11.281,10.833,483948.0,30
2024-03-18 11:20:00,13812.083,4606.95,4591.567,4613.567,-3.667,-1.6,-0.033,-2.033,13810.683,4606.717,4590.5,4613.467,282.372,282.455,283.257,16.316,16.253,16.289,59.99,7206.867,6920.3,680.389,677.425,10.594,10.221,483948.0,30
2024-03-18 11:25:00,14437.817,4815.733,4800.067,4822.017,-3.8,-1.8,0.0,-2.0,14436.4,4815.567,4798.95,4821.883,282.032,282.117,282.82,17.075,17.011,17.05,59.991,7523.217,7249.317,682.979,684.134,11.019,10.597,483948.0,30
2024-03-18 11:30:00,11625.817,3878.483,3865.05,3882.283,-4.033,-2.0,-0.033,-2.0,11625.267,3878.35,3864.733,3882.183,281.467,281.542,282.283,13.778,13.726,13.751,59.991,6068.2,5828.1,679.525,680.465,8.927,8.566,483948.0,30
2024-03-18 11:35:00,9016.183,3009.4,2998.417,3008.367,-4.333,-1.967,-0.367,-2.0,9016.017,3009.4,2998.25,3008.367,281.379,281.409,281.983,10.698,10.656,10.67,60.001,4721.017,4507.167,679.189,681.923,6.953,6.612,483948.0,30
2024-03-18 11:40:00,10064.0,3359.9,3345.917,3358.183,-4.233,-2.0,-0.233,-2.0,10063.633,3359.9,3345.617,3358.117,280.938,280.929,281.445,11.96,11.91,11.933,59.991,5242.467,5047.583,686.654,688.377,7.637,7.333,483948.0,30
2024-03-18 11:45:00,10839.467,3618.667,3603.683,3617.117,-4.133,-2.033,-0.067,-2.033,10839.0,3618.667,3603.25,3617.083,281.142,281.009,281.656,12.872,12.824,12.844,59.979,5664.7,5419.117,689.107,681.149,8.222,7.96,483948.0,30
2024-03-18 11:50:00,11658.617,3891.217,3876.567,3890.833,-4.1,-2.0,-0.1,-2.0,11658.783,3891.383,3876.4,3891.0,281.381,281.335,281.848,13.83,13.779,13.805,59.993,6054.417,5862.517,688.799,687.194,8.792,8.533,483948.0,30
2024-03-18 11:55:00,13346.517,4453.633,4436.733,4456.15,-4.433,-2.0,-0.367,-2.067,13345.917,4453.6,4436.233,4456.083,282.189,282.212,282.76,15.784,15.721,15.76,60.01,6930.783,6710.967,688.892,688.877,10.061,9.744,483948.0,30
2024-03-18 12:00:00,16047.783,5353.25,5332.683,5361.85,-4.233,-1.833,-0.233,-2.167,16046.317,5352.95,5331.65,5361.717,283.059,283.134,283.908,18.909,18.828,18.882,59.99,8288.233,8066.133,685.461,690.768,12.096,11.683,483948.0,30
2024-03-18 12:05:00,17364.55,5791.717,5770.0,5802.833,-4.033,-1.833,-0.1,-2.1,17362.683,5791.117,5769.0,5802.567,283.049,283.063,283.944,20.45,20.369,20.422,59.973,8981.267,8730.483,676.351,673.922,13.311,12.992,483948.0,30
2024-03-18 12:10:00,10138.1,3384.2,3369.917,3383.983,-3.933,-1.967,0.0,-1.967,10136.933,3384.0,3369.25,3383.683,281.95,281.681,282.527,12.005,11.964,11.978,59.997,5291.183,5084.567,675.64,676.5,7.834,7.52,483948.0,30
2024-03-18 12:15:00,10683.75,3566.4,3550.95,3566.4,-4.667,-2.033,-0.6,-2.033,10684.117,3566.6,3550.95,3566.567,282.076,281.829,282.663,12.645,12.6,12.619,60.004,5573.283,5364.083,681.58,681.125,8.178,7.876,483948.0,30
2024-03-18 12:20:00,10772.533,3595.55,3581.3,3595.683,-4.8,-2.133,-0.6,-2.067,10772.533,3595.617,3581.167,3595.75,282.012,281.82,282.614,12.752,12.709,12.725,60.019,5602.933,5407.733,684.886,685.725,8.182,7.888,483948.0,30
2024-03-18 12:25:00,9995.25,3335.25,3323.75,3336.25,-4.3,-1.967,-0.333,-2.0,9994.817,3335.15,3323.417,3336.25,280.75,280.743,281.449,11.881,11.839,11.856,60.006,5215.0,5005.2,687.641,689.267,7.586,7.264,483948.0,30
2024-03-18 12:30:00,10301.467,3437.133,3424.583,3439.75,-4.133,-2.0,-0.133,-2.0,10300.9,3437.067,3424.083,3439.75,280.792,280.713,281.591,12.241,12.198,12.216,60.002,5412.217,5179.133,687.758,689.483,7.871,7.514,483948.0,30
2024-03-18 12:35:00,10927.4,3646.167,3633.883,3647.35,-4.133,-1.967,-0.133,-2.033,10926.667,3646.067,3633.283,3647.317,281.627,281.595,282.416,12.948,12.903,12.917,59.998,5702.917,5469.817,687.898,689.573,8.292,7.934,483948.0,30
2024-03-18 12:40:00,10771.55,3594.867,3581.55,3595.133,-4.967,-2.067,-0.9,-2.0,10771.317,3594.867,3581.317,3595.133,281.517,281.368,282.223,12.771,12.729,12.74,60.002,5647.433,5368.05,687.96,680.353,8.211,7.894,483948.0,30
2024-03-18 12:45:00,10919.933,3643.6,3631.0,3645.333,-4.5,-1.967,-0.533,-2.0,10919.433,3643.567,3630.533,3645.333,281.529,281.532,282.345,12.943,12.896,12.912,59.999,5698.983,5471.117,688.013,687.146,8.285,7.964,483948.0,30
2024-03-18 12:50:00,11579.067,3862.6,3849.767,3866.7,-3.867,-1.9,0.0,-1.967,11578.233,3862.467,3849.133,3866.633,281.698,281.728,282.653,13.714,13.664,13.682,59.997,6034.733,5806.533,689.072,688.934,8.758,8.429,483948.0,30
2024-03-18 12:55:00,13163.483,4392.083,4375.25,4396.15,-4.1,-2.0,-0.1,-2.0,13162.683,4391.983,4374.617,4396.083,281.939,281.891,282.742,15.579,15.52,15.549,59.999,6841.783,6620.283,688.161,686.991,9.944,9.639,483948.0,30
2024-03-18 13:00:00,12059.45,4024.967,4008.783,4025.7,-4.433,-2.0,-0.433,-2.0,12058.917,4024.9,4008.417,4025.6,281.745,281.728,282.333,14.286,14.229,14.259,59.999,6275.517,6062.283,683.834,683.68,9.177,8.869,483948.0,30
2024-03-18 13:05:00,10559.733,3525.117,3510.467,3524.15,-4.133,-2.033,-0.1,-2.0,10559.133,3525.083,3510.0,3524.05,280.931,280.844,281.401,12.549,12.499,12.525,59.99,5486.4,5323.667,676.563,682.752,8.113,7.799,483948.0,30
2024-03-18 13:10:00,9808.4,3274.633,3261.183,3272.583,-4.3,-2.033,-0.2,-2.067,9808.233,3274.633,3261.017,3272.583,280.443,280.415,280.877,11.678,11.63,11.653,59.983,5105.333,4936.8,680.018,682.587,7.51,7.234,483948.0,30
2024-03-18 13:15:00,12664.133,4227.2,4209.5,4227.433,-4.033,-2.0,-0.033,-2.0,12663.3,4227.033,4208.967,4227.3,280.548,280.512,281.072,15.066,15.004,15.04,59.997,6584.017,6365.417,687.288,688.577,9.582,9.246,483948.0,30
2024-03-18 13:20:00,14844.8,4954.283,4932.483,4958.033,-4.033,-1.933,-0.067,-2.033,14843.467,4954.017,4931.583,4957.867,281.39,281.247,282.038,17.605,17.535,17.579,60.001,7711.55,7464.183,687.061,687.514,11.228,10.86,483948.0,30
2024-03-18 13:25:00,12228.55,4083.933,4062.467,4082.15,-4.367,-2.033,-0.3,-2.033,12227.65,4083.833,4061.667,4082.15,280.826,280.398,281.139,14.542,14.484,14.518,59.996,6377.517,6135.9,679.294,680.805,9.39,9.01,483948.0,30
2024-03-18 13:30:00,13855.667,4630.367,4598.667,4626.633,-4.0,-2.0,0.0,-2.0,13854.467,4630.233,4597.767,4626.467,281.4,280.534,281.456,16.454,16.39,16.438,60.0,7204.75,6972.75,678.635,681.559,10.619,10.233,483948.0,30
2024-03-18 13:35:00,16810.933,5617.833,5578.433,5614.667,-3.967,-2.0,0.0,-1.967,16809.183,5617.7,5577.1,5614.383,282.141,281.225,282.202,19.909,19.83,19.893,59.995,8724.433,8489.1,675.595,678.391,12.909,12.508,483948.0,30
2024-03-18 13:40:00,16461.683,5501.133,5463.283,5497.267,-4.033,-2.033,0.0,-2.0,16459.55,5500.733,5461.983,5496.833,281.562,280.663,281.597,19.53,19.455,19.513,60.009,8553.883,8297.15,670.952,669.451,12.832,12.483,483948.0,30
2024-03-18 13:45:00,28073.383,9375.133,9313.333,9384.917,-3.933,-1.933,0.0,-2.0,28084.2,9378.967,9316.267,9388.967,283.653,282.704,284.107,33.036,32.924,33.016,60.011,14523.883,14221.0,717.879,713.721,20.193,19.878,483948.0,30
2024-03-18 13:50:00,26785.083,8942.3,8889.967,8952.817,-4.0,-2.0,0.0,-2.0,26757.467,8933.267,8880.167,8944.033,283.496,282.846,284.012,31.531,31.413,31.507,59.986,13868.067,13612.15,688.47,679.442,20.085,19.967,483948.0,30
2024-03-18 13:55:00,21132.9,7058.767,7013.183,7060.95,-4.033,-2.0,0.0,-2.033,21139.267,7061.117,7014.767,7063.383,282.536,281.745,282.784,24.971,24.875,24.955,59.976,10967.35,10696.05,649.799,653.322,16.843,16.345,483948.0,30
2024-03-18 14:00:00,18185.717,6074.233,6036.083,6075.4,-4.0,-2.0,0.0,-2.0,18183.6,6073.867,6034.683,6075.05,281.756,281.01,282.004,21.549,21.466,21.532,60.011,9463.067,9172.233,648.026,651.707,14.604,14.069,483948.0,30
2024-03-18 14:05:00,12296.1,4108.333,4082.2,4105.567,-4.2,-2.167,-0.033,-2.0,12295.2,4108.233,4081.467,4105.5,281.27,280.573,281.431,14.606,14.548,14.588,60.002,6465.767,6133.617,655.145,653.29,9.876,9.405,483948.0,30
2024-03-18 14:10:00,10311.0,3444.833,3425.133,3441.033,-4.1,-2.1,0.0,-2.0,10310.683,3444.95,3424.767,3440.967,280.142,279.589,280.262,12.298,12.25,12.279,60.006,5408.683,5154.5,667.723,670.115,8.103,7.694,483948.0,30
2024-03-18 14:15:00,8371.183,2797.75,2781.317,2792.117,-4.767,-2.433,-0.333,-2.0,8370.433,2797.5,2780.95,2791.983,279.638,279.035,279.471,10.006,9.968,9.992,59.981,4399.583,4187.317,671.601,673.817,6.553,6.217,483948.0,30
2024-03-18 14:20:00,6929.517,2313.433,2306.183,2309.9,-6.4,-2.5,-1.9,-2.0,6929.317,2313.367,2306.117,2309.833,282.949,282.969,283.365,8.179,8.155,8.156,59.985,3663.533,3452.933,674.355,667.827,5.435,5.178,483948.0,30
2024-03-18 14:25:00,7333.7,2447.917,2440.583,2445.2,-8.167,-3.5,-1.9,-2.767,7333.7,2447.917,2440.583,2445.2,284.5,284.627,285.18,8.605,8.576,8.575,60.005,3854.733,3664.917,680.684,674.756,5.664,5.432,483948.0,30
2024-03-18 14:30:00,9225.933,3078.567,3068.983,3078.383,-5.033,-2.067,-0.9,-2.067,9225.9,3078.567,3068.95,3078.383,284.315,284.54,285.018,10.829,10.787,10.802,60.0,4825.2,4624.8,688.338,680.299,7.012,6.803,483948.0,30
2024-03-18 14:35:00,11047.283,3685.85,3674.667,3686.767,-4.367,-1.933,-0.433,-2.0,11046.783,3685.783,3674.4,3686.6,283.2,283.373,283.878,13.015,12.966,12.986,59.991,5735.733,5573.2,689.023,689.186,8.325,8.087,483948.0,30
2024-03-18 14:40:00,16259.25,5419.683,5407.567,5432.0,-3.333,-1.267,-0.067,-2.0,16257.883,5419.383,5406.667,5431.833,283.821,284.188,284.96,19.089,19.018,19.054,59.994,8415.45,8216.9,689.411,689.859,12.211,11.911,483948.0,30
2024-03-18 14:45:00,19515.767,6504.017,6489.9,6521.85,-2.933,-0.933,0.0,-2.0,19514.583,6503.517,6489.133,6521.933,284.488,284.895,285.726,22.847,22.764,22.812,59.992,10063.067,9921.583,672.892,687.82,14.936,14.386,483948.0,30
2024-03-18 14:50:00,21819.483,7274.633,7253.283,7291.567,-3.4,-1.333,-0.067,-2.0,21816.85,7273.667,7252.083,7291.1,285.138,285.293,286.151,25.493,25.402,25.459,60.001,11247.233,11102.867,670.324,688.362,16.65,15.999,483948.0,30
2024-03-18 14:55:00,20508.583,6840.533,6813.667,6854.383,-4.0,-1.7,-0.1,-2.2,20506.15,6839.667,6812.533,6853.95,285.421,285.293,286.332,23.946,23.86,23.915,60.001,10597.283,10369.05,667.792,673.757,15.759,15.284,483948.0,30
2024-03-18 15:00:00,25726.867,8576.817,8548.617,8601.433,-3.033,-0.9,-0.033,-2.1,25728.783,8577.6,8548.933,8602.25,285.622,285.678,286.768,30.018,29.913,29.984,59.997,13321.5,13070.567,678.059,682.114,19.582,19.101,483948.0,30
2024-03-18 15:05:00,26176.233,8724.45,8698.85,8752.933,-2.467,-0.5,0.0,-1.967,26171.9,8722.75,8697.317,8751.833,285.124,285.32,286.3,30.584,30.472,30.556,59.995,13565.3,13276.767,673.315,664.748,20.098,19.914,483948.0,30
2024-03-18 15:10:00,28498.933,9497.283,9468.533,9533.117,-3.2,-0.867,0.0,-2.333,28495.067,9495.617,9466.867,9532.583,285.945,286.121,287.255,33.205,33.083,33.181,59.987,14724.917,14511.483,680.291,674.399,21.625,21.496,483948.0,30
2024-03-18 15:15:00,29604.533,9867.6,9832.8,9904.133,-2.6,-0.6,0.0,-2.0,29600.567,9866.033,9831.067,9903.467,285.678,285.721,287.002,34.536,34.407,34.507,59.999,15328.717,15062.4,672.509,672.022,22.793,22.414,483948.0,30
2024-03-18 15:20:00,26889.867,8964.983,8931.767,8993.117,-3.5,-1.333,0.0,-2.167,26886.0,8963.45,8930.033,8992.517,285.301,285.285,286.425,31.401,31.285,31.375,60.0,13932.0,13666.417,664.648,669.446,20.88,20.349,483948.0,30
2024-03-18 15:25:00,24285.667,8096.583,8068.2,8120.883,-3.3,-1.167,-0.067,-2.067,24433.617,8145.817,8117.117,8170.683,284.856,284.894,285.995,28.401,28.297,28.372,60.011,12586.933,12387.567,649.783,655.109,19.228,18.797,483948.0,30
2024-03-18 15:30:00,23934.067,7978.967,7953.283,8001.817,-3.667,-1.333,-0.133,-2.2,23930.617,7977.667,7951.917,8001.033,285.085,285.196,286.228,27.971,27.87,27.94,60.012,12487.45,12047.383,678.069,637.049,18.373,18.806,483948.0,30
2024-03-18 15:35:00,19363.467,6455.883,6436.383,6471.2,-3.8,-1.467,-0.133,-2.2,19360.75,6455.017,6435.133,6470.6,284.527,284.722,285.692,22.679,22.594,22.641,60.001,10131.65,9955.95,636.087,641.9,15.941,15.528,483948.0,30
2024-03-18 15:40:00,17511.367,5838.25,5823.25,5849.867,-3.967,-1.6,-0.267,-2.1,17509.233,5837.483,5822.083,5849.667,284.206,284.485,285.301,20.537,20.463,20.5,59.994,9110.667,8887.95,659.66,659.297,13.816,13.5,483948.0,30
2024-03-18 15:45:00,19766.617,6588.133,6573.267,6605.217,-3.333,-0.967,-0.367,-2.0,19764.0,6587.2,6572.167,6604.633,284.01,284.361,285.219,23.185,23.101,23.144,59.985,10137.933,9943.867,676.675,681.325,14.88,14.513,483948.0,30
2024-03-18 15:50:00,29187.367,9727.967,9698.817,9760.583,-2.3,-0.3,0.0,-2.0,29183.333,9726.433,9697.183,9759.717,284.946,285.156,286.19,34.133,34.005,34.1,60.008,15105.067,14859.95,674.264,672.702,22.474,22.158,483948.0,30
2024-03-18 15:55:00,27190.983,9060.783,9036.833,9093.367,-2.3,-0.3,0.0,-2.0,27187.117,9059.5,9035.283,9092.333,285.736,286.025,287.072,31.706,31.589,31.673,60.003,14095.767,13835.117,652.286,653.581,21.612,21.17,483948.0,30
2024-03-18 16:00:00,25212.167,8402.85,8382.7,8426.617,-2.3,-0.3,0.0,-2.0,25208.45,8401.383,8381.133,8425.933,285.605,285.938,286.742,29.416,29.311,29.385,60.0,13051.467,12819.233,653.146,650.693,19.985,19.705,483948.0,30
2024-03-18 16:05:00,24269.917,8087.383,8067.967,8114.567,-2.167,-0.167,0.0,-2.0,24265.833,8085.85,8066.35,8113.633,285.307,285.615,286.629,28.341,28.243,28.307,60.006,12560.5,12347.4,657.461,655.865,19.107,18.829,483948.0,30
2024-03-18 16:10:00,23874.183,7958.333,7935.033,7980.817,-2.933,-0.9,0.0,-2.033,23869.75,7956.85,7933.217,7979.683,285.097,285.254,286.248,27.91,27.811,27.877,60.002,12335.367,12150.9,658.908,657.977,18.727,18.469,483948.0,30
2024-03-18 16:15:00,23477.8,7828.183,7801.983,7847.633,-3.4,-1.3,-0.067,-2.033,23472.733,7826.433,7800.183,7846.117,285.518,285.594,286.553,27.413,27.313,27.381,59.996,12140.7,11936.083,661.058,658.79,18.368,18.125,483948.0,30
2024-03-18 16:20:00,22650.85,7552.567,7528.883,7569.4,-3.9,-1.467,-0.267,-2.167,22647.4,7551.417,7527.283,7568.7,285.872,286.037,286.865,26.415,26.316,26.385,59.99,11725.1,11499.35,664.18,659.481,17.655,17.441,483948.0,30
2024-03-18 16:25:00,22155.633,7388.567,7365.433,7401.633,-4.033,-1.833,-0.2,-2.0,22152.7,7387.433,7364.0,7401.267,285.777,285.917,286.675,25.85,25.756,25.818,59.994,11449.983,11260.15,665.346,664.516,17.211,16.946,483948.0,30
2024-03-18 16:30:00,21617.5,7209.383,7186.6,7221.517,-3.067,-1.067,0.0,-2.0,21614.05,7208.283,7185.3,7220.467,285.268,285.391,286.119,25.269,25.178,25.237,60.001,11162.233,10992.517,668.4,667.311,16.704,16.475,483948.0,30
2024-03-18 16:35:00,21293.433,7100.75,7078.967,7113.717,-3.367,-1.133,-0.133,-2.1,21290.0,7099.517,7077.6,7112.883,285.452,285.614,286.309,24.872,24.781,24.844,59.994,11002.633,10815.533,672.944,668.419,16.354,16.184,483948.0,30
2024-03-18 16:40:00,19658.083,6553.883,6536.417,6567.783,-2.933,-0.933,-0.067,-1.933,19654.85,6552.817,6535.0,6567.033,285.005,285.233,285.958,22.986,22.904,22.957,59.999,10164.617,9969.333,675.137,662.373,15.083,15.065,483948.0,30
2024-03-18 16:45:00,20429.467,6810.917,6793.8,6824.75,-3.033,-0.967,-0.033,-2.033,20426.317,6809.917,6792.433,6823.967,285.079,285.418,286.061,23.887,23.797,23.854,59.973,10516.35,10420.983,656.961,680.421,16.022,15.316,483948.0,30
2024-03-18 16:50:00,19354.1,6456.817,6430.95,6466.333,-3.867,-1.867,0.0,-2.0,19351.3,6456.133,6429.417,6465.75,285.711,285.608,286.574,22.598,22.513,22.563,60.007,9992.217,9833.2,672.986,672.808,14.851,14.617,483948.0,30
2024-03-18 16:55:00,18483.611,6168.539,6140.978,6174.094,-3.944,-1.878,0.0,-2.067,18480.839,6167.772,6139.594,6173.472,285.979,285.781,286.68,21.568,21.484,21.535,59.989,9562.889,9389.35,672.175,667.273,14.229,14.078,483948.0,30
2024-03-18 17:00:00,17355.1,5790.233,5766.783,5798.083,-3.9,-1.867,-0.033,-2.0,17351.733,5789.267,5765.2,5797.267,286.376,286.216,287.243,20.213,20.14,20.179,60.005,8932.683,8789.85,674.677,671.116,13.233,13.088,483948.0,30
2024-03-18 17:05:00,16753.633,5587.417,5570.1,5596.117,-4.533,-1.867,-0.467,-2.2,16751.65,5586.883,5568.9,5595.867,286.475,286.604,287.432,19.498,19.427,19.463,60.006,8631.967,8502.917,671.733,682.314,12.839,12.45,483948.0,30
2024-03-18 17:10:00,16446.117,5484.35,5469.2,5492.567,-3.4,-1.433,0.0,-1.967,16444.45,5483.817,5468.267,5492.367,285.591,285.815,286.498,19.201,19.131,19.168,59.992,8508.083,8336.2,683.696,677.012,12.444,12.315,483948.0,30
2024-03-18 17:15:00,15950.3,5318.033,5305.033,5327.233,-3.6,-1.567,-0.033,-2.0,15948.633,5317.633,5304.2,5326.8,286.034,286.361,287.033,18.592,18.524,18.56,59.997,8240.133,8089.867,686.88,685.401,11.998,11.805,483948.0,30
2024-03-18 17:20:00,15366.133,5123.7,5110.95,5131.483,-3.333,-1.333,0.0,-2.0,15364.317,5123.133,5110.05,5131.133,285.782,286.028,286.732,17.928,17.867,17.896,59.986,7941.8,7793.7,687.05,684.141,11.561,11.393,483948.0,30
2024-03-18 17:25:00,11908.367,3971.983,3961.483,3974.9,-6.333,-2.5,-1.367,-2.467,11907.667,3971.717,3961.117,3974.833,284.893,285.113,285.673,13.925,13.877,13.894,59.998,6141.867,6074.483,673.97,677.661,9.085,8.914,483948.0,30
2024-03-18 17:30:00,6808.233,2272.5,2266.7,2269.033,-10.2,-3.967,-3.233,-3.0,6808.017,2272.467,2266.583,2268.967,284.046,284.176,284.643,7.991,7.967,7.96,59.985,3569.167,3428.3,673.405,670.336,5.256,5.058,483948.0,30
2024-03-18 17:35:00,13889.433,4631.567,4621.05,4636.817,-4.2,-1.633,-0.533,-2.033,13888.75,4631.317,4620.783,4636.65,285.444,285.857,286.397,16.226,16.165,16.191,59.995,7174.967,7054.583,695.311,693.428,10.321,10.174,483948.0,30
2024-03-18 17:40:00,11314.283,3772.25,3765.217,3776.817,-4.667,-1.933,-0.7,-2.033,11314.017,3772.183,3765.05,3776.783,285.354,285.817,286.473,13.218,13.172,13.182,59.98,5846.567,5744.283,690.736,683.356,8.461,8.398,483948.0,30
2024-03-18 17:45:00,4197.583,1400.5,1400.917,1396.167,-18.2,-6.467,-6.933,-4.8,4197.517,1400.5,1400.883,1396.133,283.733,284.255,284.621,4.93,4.923,4.898,59.993,2241.783,2121.367,667.034,669.063,3.328,3.142,483948.0,30
2024-03-18 17:50:00,7870.583,2624.967,2620.617,2625.0,-8.233,-3.233,-2.333,-2.667,7858.167,2620.867,2616.433,2620.867,283.969,284.497,284.842,9.238,9.204,9.208,59.985,4098.817,3976.133,689.25,685.99,5.92,5.755,483948.0,30
2024-03-18 17:55:00,3085.633,1030.717,1030.45,1024.467,-17.5,-6.567,-6.6,-4.333,3086.083,1030.85,1030.583,1024.65,283.422,283.935,284.159,3.639,3.632,3.608,59.994,1658.017,1548.2,670.743,668.611,2.474,2.317,483948.0,30
2024-03-18 18:00:00,3231.633,1078.7,1078.883,1074.05,-17.7,-6.433,-6.467,-4.8,3237.617,1080.733,1080.983,1075.9,283.301,283.664,284.085,3.809,3.804,3.782,59.995,1729.35,1622.317,673.471,676.72,2.568,2.399,483948.0,30
2024-03-18 18:05:00,4491.683,1499.9,1496.867,1494.917,-13.633,-5.133,-4.833,-3.667,4492.383,1500.133,1497.033,1495.217,283.536,283.937,284.427,5.287,5.269,5.253,60.022,2353.15,2254.083,682.245,684.553,3.427,3.271,483948.0,30
2024-03-18 18:10:00,6826.85,2281.1,2271.5,2274.25,-8.933,-4.067,-2.433,-2.433,6826.85,2281.1,2271.5,2274.25,284.195,284.497,284.919,8.026,7.984,7.982,60.0,3539.75,3441.467,704.851,704.993,5.025,4.89,483948.0,30
2024-03-18 18:15:00,7548.867,2519.633,2513.033,2516.2,-7.067,-2.6,-2.167,-2.3,7548.867,2519.633,2513.033,2516.2,283.494,283.955,284.265,8.89,8.853,8.854,60.029,3887.8,3828.5,690.304,695.012,5.618,5.511,483948.0,30
2024-03-18 18:20:00,5098.667,1702.433,1699.033,1697.2,-10.867,-4.067,-3.833,-2.967,5098.667,1702.433,1699.033,1697.2,282.97,283.356,283.575,6.017,5.997,5.985,59.996,2655.233,2589.233,685.054,684.369,3.876,3.778,483948.0,30
2024-03-18 18:25:00,7058.183,2356.167,2350.033,2351.983,-7.5,-3.433,-1.933,-2.133,7058.183,2356.167,2350.033,2351.983,282.923,283.264,283.679,8.329,8.298,8.293,59.969,3660.183,3569.617,694.265,695.739,5.274,5.132,483948.0,30
2024-03-18 18:30:00,6055.183,2020.017,2018.15,2017.017,-8.867,-3.633,-2.833,-2.4,6055.183,2020.017,2018.15,2017.017,282.639,283.209,283.486,7.149,7.127,7.116,59.983,3148.1,3059.4,693.918,692.679,4.538,4.419,483948.0,30
2024-03-18 18:35:00,5028.067,1677.967,1676.767,1673.333,-9.1,-3.7,-3.033,-2.367,5028.067,1677.967,1676.767,1673.333,282.734,283.238,283.332,5.936,5.921,5.907,59.989,2619.45,2542.483,692.292,692.787,3.786,3.672,483948.0,30
2024-03-18 18:40:00,3960.233,1322.233,1321.633,1316.367,-11.167,-4.333,-4.233,-2.6,3960.2,1322.233,1321.633,1316.333,282.23,282.707,282.944,4.687,4.677,4.654,59.994,2082.317,2005.633,692.727,692.895,3.008,2.896,483948.0,30
2024-03-18 18:45:00,3358.35,1121.533,1121.7,1115.117,-15.5,-5.9,-5.8,-3.8,3358.35,1121.533,1121.7,1115.117,282.048,282.562,282.96,3.978,3.972,3.943,59.986,1781.05,1697.983,691.716,687.846,2.576,2.471,483948.0,30
2024-03-18 18:50:00,2663.2,889.483,891.1,882.617,-20.633,-7.7,-8.133,-4.8,2663.0,889.4,891.017,882.583,282.183,282.876,283.203,3.155,3.152,3.119,59.996,1393.333,1363.983,688.735,686.192,2.025,1.99,483948.0,30
2024-03-18 18:55:00,1980.933,662.083,664.417,654.433,-37.5,-13.433,-14.9,-9.167,1980.967,662.083,664.45,654.433,282.238,283.011,283.289,2.348,2.35,2.312,60.002,1025.267,1025.417,685.728,693.465,1.497,1.481,483948.0,30
2024-03-18 19:00:00,1514.15,504.917,509.483,499.75,-64.333,-21.567,-25.0,-17.767,1514.15,504.917,509.483,499.75,282.496,283.259,283.231,1.79,1.8,1.767,60.016,775.033,781.9,678.698,689.511,1.143,1.135,483948.0,30
2024-03-18 19:05:00,1243.833,414.8,418.233,410.8,-83.033,-27.833,-31.033,-24.167,1243.867,414.8,418.267,410.8,282.373,283.005,282.933,1.471,1.48,1.454,60.023,653.433,625.533,665.371,679.208,0.984,0.922,483948.0,30
2024-03-18 19:10:00,1045.633,349.933,350.267,345.433,-97.433,-34.1,-34.267,-29.067,1047.233,350.7,351.033,345.5,281.52,282.133,281.947,1.247,1.245,1.227,59.985,568.35,520.833,652.871,658.729,0.872,0.792,483948.0,30
2024-03-18 19:15:00,793.067,264.767,266.433,261.867,-100.333,-33.833,-36.633,-29.867,797.033,266.167,268.267,262.6,282.048,282.657,282.667,0.946,0.952,0.931,59.976,447.1,406.3,644.997,649.105,0.695,0.628,483948.0,30
2024-03-18 19:20:00,553.4,184.433,186.217,182.75,-114.567,-38.2,-41.7,-34.667,563.35,187.717,190.25,185.383,281.87,282.349,282.476,0.667,0.675,0.658,59.975,328.033,294.75,633.01,639.474,0.52,0.463,483948.0,30
2024-03-18 19:25:00,386.767,128.8,130.033,127.933,-124.0,-41.0,-44.6,-38.4,404.7,134.567,137.033,133.1,281.99,282.625,282.584,0.481,0.487,0.474,59.974,247.4,220.4,631.127,630.376,0.394,0.351,483948.0,30
2024-03-18 19:30:00,251.7,83.767,84.433,83.5,-123.0,-40.133,-43.533,-39.333,280.033,92.633,95.033,92.367,281.313,281.887,281.817,0.333,0.34,0.33,59.983,180.717,159.85,616.081,615.203,0.295,0.262,483948.0,30
2024-03-18 19:35:00,73.0,24.3,24.333,24.367,-116.7,-37.667,-39.9,-39.133,139.433,45.567,47.5,46.367,281.244,281.925,282.009,0.163,0.169,0.166,59.978,97.333,81.967,589.048,598.931,0.167,0.139,483948.0,30
2024-03-18 19:40:00,1.2,0.4,0.4,0.4,-29.433,-9.733,-9.867,-9.833,29.067,9.6,9.8,9.667,281.391,282.074,281.965,0.035,0.035,0.035,59.981,15.767,12.417,639.27,643.286,0.028,0.021,2370987.0,30
2024-03-18 19:45:00,0.0,0.0,0.0,0.0,0.0,0.0,0.0,0.0,0.0,0.0,0.0,0.0,281.696,282.404,282.423,0.0,0.0,0.0,59.977,0.0,0.0,619.674,615.803,0.0,0.0,3000000.0,30
2024-03-18 19:50:00,0.0,0.0,0.0,0.0,0.0,0.0,0.0,0.0,0.0,0.0,0.0,0.0,281.434,282.169,282.324,0.0,0.0,0.0,59.972,0.0,0.0,498.355,498.62,0.0,0.0,3000000.0,30
2024-03-18 19:55:00,-1.0,-1.0,-1.0,-1.0,-1.0,-1.0,-1.0,-1.0,-1.0,-1.0,-1.0,-1.0,-1.0,-1.0,-1.0,-1.0,-1.0,-1.0,-1.0,-1.0,-1.0,-1.0,-1.0,-1.0,-1.0,-1.0,30
2024-03-18 20:00:00,-1.0,-1.0,-1.0,-1.0,-1.0,-1.0,-1.0,-1.0,-1.0,-1.0,-1.0,-1.0,-1.0,-1.0,-1.0,-1.0,-1.0,-1.0,-1.0,-1.0,-1.0,-1.0,-1.0,-1.0,-1.0,-1.0,30
2024-03-18 20:05:00,-1.0,-1.0,-1.0,-1.0,-1.0,-1.0,-1.0,-1.0,-1.0,-1.0,-1.0,-1.0,-1.0,-1.0,-1.0,-1.0,-1.0,-1.0,-1.0,-1.0,-1.0,-1.0,-1.0,-1.0,-1.0,-1.0,30
2024-03-18 20:10:00,-1.0,-1.0,-1.0,-1.0,-1.0,-1.0,-1.0,-1.0,-1.0,-1.0,-1.0,-1.0,-1.0,-1.0,-1.0,-1.0,-1.0,-1.0,-1.0,-1.0,-1.0,-1.0,-1.0,-1.0,-1.0,-1.0,30
2024-03-18 20:15:00,-1.0,-1.0,-1.0,-1.0,-1.0,-1.0,-1.0,-1.0,-1.0,-1.0,-1.0,-1.0,-1.0,-1.0,-1.0,-1.0,-1.0,-1.0,-1.0,-1.0,-1.0,-1.0,-1.0,-1.0,-1.0,-1.0,30
2024-03-18 20:20:00,-1.0,-1.0,-1.0,-1.0,-1.0,-1.0,-1.0,-1.0,-1.0,-1.0,-1.0,-1.0,-1.0,-1.0,-1.0,-1.0,-1.0,-1.0,-1.0,-1.0,-1.0,-1.0,-1.0,-1.0,-1.0,-1.0,30
2024-03-18 20:25:00,-1.0,-1.0,-1.0,-1.0,-1.0,-1.0,-1.0,-1.0,-1.0,-1.0,-1.0,-1.0,-1.0,-1.0,-1.0,-1.0,-1.0,-1.0,-1.0,-1.0,-1.0,-1.0,-1.0,-1.0,-1.0,-1.0,30
2024-03-18 20:30:00,-1.0,-1.0,-1.0,-1.0,-1.0,-1.0,-1.0,-1.0,-1.0,-1.0,-1.0,-1.0,-1.0,-1.0,-1.0,-1.0,-1.0,-1.0,-1.0,-1.0,-1.0,-1.0,-1.0,-1.0,-1.0,-1.0,30
2024-03-18 20:35:00,-1.0,-1.0,-1.0,-1.0,-1.0,-1.0,-1.0,-1.0,-1.0,-1.0,-1.0,-1.0,-1.0,-1.0,-1.0,-1.0,-1.0,-1.0,-1.0,-1.0,-1.0,-1.0,-1.0,-1.0,-1.0,-1.0,30
2024-03-18 20:40:00,-1.0,-1.0,-1.0,-1.0,-1.0,-1.0,-1.0,-1.0,-1.0,-1.0,-1.0,-1.0,-1.0,-1.0,-1.0,-1.0,-1.0,-1.0,-1.0,-1.0,-1.0,-1.0,-1.0,-1.0,-1.0,-1.0,30
2024-03-18 20:45:00,-1.0,-1.0,-1.0,-1.0,-1.0,-1.0,-1.0,-1.0,-1.0,-1.0,-1.0,-1.0,-1.0,-1.0,-1.0,-1.0,-1.0,-1.0,-1.0,-1.0,-1.0,-1.0,-1.0,-1.0,-1.0,-1.0,30
2024-03-18 20:50:00,-1.0,-1.0,-1.0,-1.0,-1.0,-1.0,-1.0,-1.0,-1.0,-1.0,-1.0,-1.0,-1.0,-1.0,-1.0,-1.0,-1.0,-1.0,-1.0,-1.0,-1.0,-1.0,-1.0,-1.0,-1.0,-1.0,30
2024-03-18 20:55:00,-1.0,-1.0,-1.0,-1.0,-1.0,-1.0,-1.0,-1.0,-1.0,-1.0,-1.0,-1.0,-1.0,-1.0,-1.0,-1.0,-1.0,-1.0,-1.0,-1.0,-1.0,-1.0,-1.0,-1.0,-1.0,-1.0,30
2024-03-18 21:00:00,-1.0,-1.0,-1.0,-1.0,-1.0,-1.0,-1.0,-1.0,-1.0,-1.0,-1.0,-1.0,-1.0,-1.0,-1.0,-1.0,-1.0,-1.0,-1.0,-1.0,-1.0,-1.0,-1.0,-1.0,-1.0,-1.0,30
2024-03-18 21:05:00,-1.0,-1.0,-1.0,-1.0,-1.0,-1.0,-1.0,-1.0,-1.0,-1.0,-1.0,-1.0,-1.0,-1.0,-1.0,-1.0,-1.0,-1.0,-1.0,-1.0,-1.0,-1.0,-1.0,-1.0,-1.0,-1.0,30
2024-03-18 21:10:00,-1.0,-1.0,-1.0,-1.0,-1.0,-1.0,-1.0,-1.0,-1.0,-1.0,-1.0,-1.0,-1.0,-1.0,-1.0,-1.0,-1.0,-1.0,-1.0,-1.0,-1.0,-1.0,-1.0,-1.0,-1.0,-1.0,30
2024-03-18 21:15:00,-1.0,-1.0,-1.0,-1.0,-1.0,-1.0,-1.0,-1.0,-1.0,-1.0,-1.0,-1.0,-1.0,-1.0,-1.0,-1.0,-1.0,-1.0,-1.0,-1.0,-1.0,-1.0,-1.0,-1.0,-1.0,-1.0,30
2024-03-18 21:20:00,-1.0,-1.0,-1.0,-1.0,-1.0,-1.0,-1.0,-1.0,-1.0,-1.0,-1.0,-1.0,-1.0,-1.0,-1.0,-1.0,-1.0,-1.0,-1.0,-1.0,-1.0,-1.0,-1.0,-1.0,-1.0,-1.0,30
2024-03-18 21:25:00,-1.0,-1.0,-1.0,-1.0,-1.0,-1.0,-1.0,-1.0,-1.0,-1.0,-1.0,-1.0,-1.0,-1.0,-1.0,-1.0,-1.0,-1.0,-1.0,-1.0,-1.0,-1.0,-1.0,-1.0,-1.0,-1.0,30
2024-03-18 21:30:00,-1.0,-1.0,-1.0,-1.0,-1.0,-1.0,-1.0,-1.0,-1.0,-1.0,-1.0,-1.0,-1.0,-1.0,-1.0,-1.0,-1.0,-1.0,-1.0,-1.0,-1.0,-1.0,-1.0,-1.0,-1.0,-1.0,30
2024-03-18 21:35:00,-1.0,-1.0,-1.0,-1.0,-1.0,-1.0,-1.0,-1.0,-1.0,-1.0,-1.0,-1.0,-1.0,-1.0,-1.0,-1.0,-1.0,-1.0,-1.0,-1.0,-1.0,-1.0,-1.0,-1.0,-1.0,-1.0,30
2024-03-18 21:40:00,-1.0,-1.0,-1.0,-1.0,-1.0,-1.0,-1.0,-1.0,-1.0,-1.0,-1.0,-1.0,-1.0,-1.0,-1.0,-1.0,-1.0,-1.0,-1.0,-1.0,-1.0,-1.0,-1.0,-1.0,-1.0,-1.0,30
2024-03-18 21:45:00,-1.0,-1.0,-1.0,-1.0,-1.0,-1.0,-1.0,-1.0,-1.0,-1.0,-1.0,-1.0,-1.0,-1.0,-1.0,-1.0,-1.0,-1.0,-1.0,-1.0,-1.0,-1.0,-1.0,-1.0,-1.0,-1.0,30
2024-03-18 21:50:00,-1.0,-1.0,-1.0,-1.0,-1.0,-1.0,-1.0,-1.0,-1.0,-1.0,-1.0,-1.0,-1.0,-1.0,-1.0,-1.0,-1.0,-1.0,-1.0,-1.0,-1.0,-1.0,-1.0,-1.0,-1.0,-1.0,30
2024-03-18 21:55:00,-1.0,-1.0,-1.0,-1.0,-1.0,-1.0,-1.0,-1.0,-1.0,-1.0,-1.0,-1.0,-1.0,-1.0,-1.0,-1.0,-1.0,-1.0,-1.0,-1.0,-1.0,-1.0,-1.0,-1.0,-1.0,-1.0,30
2024-03-18 22:00:00,-1.0,-1.0,-1.0,-1.0,-1.0,-1.0,-1.0,-1.0,-1.0,-1.0,-1.0,-1.0,-1.0,-1.0,-1.0,-1.0,-1.0,-1.0,-1.0,-1.0,-1.0,-1.0,-1.0,-1.0,-1.0,-1.0,30
2024-03-18 22:05:00,-1.0,-1.0,-1.0,-1.0,-1.0,-1.0,-1.0,-1.0,-1.0,-1.0,-1.0,-1.0,-1.0,-1.0,-1.0,-1.0,-1.0,-1.0,-1.0,-1.0,-1.0,-1.0,-1.0,-1.0,-1.0,-1.0,30
2024-03-18 22:10:00,-1.0,-1.0,-1.0,-1.0,-1.0,-1.0,-1.0,-1.0,-1.0,-1.0,-1.0,-1.0,-1.0,-1.0,-1.0,-1.0,-1.0,-1.0,-1.0,-1.0,-1.0,-1.0,-1.0,-1.0,-1.0,-1.0,30
2024-03-18 22:15:00,-1.0,-1.0,-1.0,-1.0,-1.0,-1.0,-1.0,-1.0,-1.0,-1.0,-1.0,-1.0,-1.0,-1.0,-1.0,-1.0,-1.0,-1.0,-1.0,-1.0,-1.0,-1.0,-1.0,-1.0,-1.0,-1.0,30
2024-03-18 22:20:00,-1.0,-1.0,-1.0,-1.0,-1.0,-1.0,-1.0,-1.0,-1.0,-1.0,-1.0,-1.0,-1.0,-1.0,-1.0,-1.0,-1.0,-1.0,-1.0,-1.0,-1.0,-1.0,-1.0,-1.0,-1.0,-1.0,30
2024-03-18 22:25:00,-1.0,-1.0,-1.0,-1.0,-1.0,-1.0,-1.0,-1.0,-1.0,-1.0,-1.0,-1.0,-1.0,-1.0,-1.0,-1.0,-1.0,-1.0,-1.0,-1.0,-1.0,-1.0,-1.0,-1.0,-1.0,-1.0,30
2024-03-18 22:30:00,-1.0,-1.0,-1.0,-1.0,-1.0,-1.0,-1.0,-1.0,-1.0,-1.0,-1.0,-1.0,-1.0,-1.0,-1.0,-1.0,-1.0,-1.0,-1.0,-1.0,-1.0,-1.0,-1.0,-1.0,-1.0,-1.0,30
2024-03-18 22:35:00,-1.0,-1.0,-1.0,-1.0,-1.0,-1.0,-1.0,-1.0,-1.0,-1.0,-1.0,-1.0,-1.0,-1.0,-1.0,-1.0,-1.0,-1.0,-1.0,-1.0,-1.0,-1.0,-1.0,-1.0,-1.0,-1.0,30
2024-03-18 22:40:00,-1.0,-1.0,-1.0,-1.0,-1.0,-1.0,-1.0,-1.0,-1.0,-1.0,-1.0,-1.0,-1.0,-1.0,-1.0,-1.0,-1.0,-1.0,-1.0,-1.0,-1.0,-1.0,-1.0,-1.0,-1.0,-1.0,30
2024-03-18 22:45:00,-1.0,-1.0,-1.0,-1.0,-1.0,-1.0,-1.0,-1.0,-1.0,-1.0,-1.0,-1.0,-1.0,-1.0,-1.0,-1.0,-1.0,-1.0,-1.0,-1.0,-1.0,-1.0,-1.0,-1.0,-1.0,-1.0,30
2024-03-18 22:50:00,-1.0,-1.0,-1.0,-1.0,-1.0,-1.0,-1.0,-1.0,-1.0,-1.0,-1.0,-1.0,-1.0,-1.0,-1.0,-1.0,-1.0,-1.0,-1.0,-1.0,-1.0,-1.0,-1.0,-1.0,-1.0,-1.0,30
2024-03-18 22:55:00,-1.0,-1.0,-1.0,-1.0,-1.0,-1.0,-1.0,-1.0,-1.0,-1.0,-1.0,-1.0,-1.0,-1.0,-1.0,-1.0,-1.0,-1.0,-1.0,-1.0,-1.0,-1.0,-1.0,-1.0,-1.0,-1.0,30
2024-03-18 23:00:00,-1.0,-1.0,-1.0,-1.0,-1.0,-1.0,-1.0,-1.0,-1.0,-1.0,-1.0,-1.0,-1.0,-1.0,-1.0,-1.0,-1.0,-1.0,-1.0,-1.0,-1.0,-1.0,-1.0,-1.0,-1.0,-1.0,30
2024-03-18 23:05:00,-1.0,-1.0,-1.0,-1.0,-1.0,-1.0,-1.0,-1.0,-1.0,-1.0,-1.0,-1.0,-1.0,-1.0,-1.0,-1.0,-1.0,-1.0,-1.0,-1.0,-1.0,-1.0,-1.0,-1.0,-1.0,-1.0,30
2024-03-18 23:10:00,-1.0,-1.0,-1.0,-1.0,-1.0,-1.0,-1.0,-1.0,-1.0,-1.0,-1.0,-1.0,-1.0,-1.0,-1.0,-1.0,-1.0,-1.0,-1.0,-1.0,-1.0,-1.0,-1.0,-1.0,-1.0,-1.0,30
2024-03-18 23:15:00,-1.0,-1.0,-1.0,-1.0,-1.0,-1.0,-1.0,-1.0,-1.0,-1.0,-1.0,-1.0,-1.0,-1.0,-1.0,-1.0,-1.0,-1.0,-1.0,-1.0,-1.0,-1.0,-1.0,-1.0,-1.0,-1.0,30
2024-03-18 23:20:00,-1.0,-1.0,-1.0,-1.0,-1.0,-1.0,-1.0,-1.0,-1.0,-1.0,-1.0,-1.0,-1.0,-1.0,-1.0,-1.0,-1.0,-1.0,-1.0,-1.0,-1.0,-1.0,-1.0,-1.0,-1.0,-1.0,30
2024-03-18 23:25:00,-1.0,-1.0,-1.0,-1.0,-1.0,-1.0,-1.0,-1.0,-1.0,-1.0,-1.0,-1.0,-1.0,-1.0,-1.0,-1.0,-1.0,-1.0,-1.0,-1.0,-1.0,-1.0,-1.0,-1.0,-1.0,-1.0,30
2024-03-18 23:30:00,-1.0,-1.0,-1.0,-1.0,-1.0,-1.0,-1.0,-1.0,-1.0,-1.0,-1.0,-1.0,-1.0,-1.0,-1.0,-1.0,-1.0,-1.0,-1.0,-1.0,-1.0,-1.0,-1.0,-1.0,-1.0,-1.0,30
2024-03-18 23:35:00,-1.0,-1.0,-1.0,-1.0,-1.0,-1.0,-1.0,-1.0,-1.0,-1.0,-1.0,-1.0,-1.0,-1.0,-1.0,-1.0,-1.0,-1.0,-1.0,-1.0,-1.0,-1.0,-1.0,-1.0,-1.0,-1.0,30
2024-03-18 23:40:00,-1.0,-1.0,-1.0,-1.0,-1.0,-1.0,-1.0,-1.0,-1.0,-1.0,-1.0,-1.0,-1.0,-1.0,-1.0,-1.0,-1.0,-1.0,-1.0,-1.0,-1.0,-1.0,-1.0,-1.0,-1.0,-1.0,30
2024-03-18 23:45:00,-1.0,-1.0,-1.0,-1.0,-1.0,-1.0,-1.0,-1.0,-1.0,-1.0,-1.0,-1.0,-1.0,-1.0,-1.0,-1.0,-1.0,-1.0,-1.0,-1.0,-1.0,-1.0,-1.0,-1.0,-1.0,-1.0,30
2024-03-18 23:50:00,-1.0,-1.0,-1.0,-1.0,-1.0,-1.0,-1.0,-1.0,-1.0,-1.0,-1.0,-1.0,-1.0,-1.0,-1.0,-1.0,-1.0,-1.0,-1.0,-1.0,-1.0,-1.0,-1.0,-1.0,-1.0,-1.0,30
2024-03-18 23:55:00,-1.0,-1.0,-1.0,-1.0,-1.0,-1.0,-1.0,-1.0,-1.0,-1.0,-1.0,-1.0,-1.0,-1.0,-1.0,-1.0,-1.0,-1.0,-1.0,-1.0,-1.0,-1.0,-1.0,-1.0,-1.0,-1.0,30
